time,FL1,FL6,TL14s1,TA21s1
0.0,242.1995,242.1784,443.0736,581.3201
0.01731882,242.1978,242.1768,443.0736,581.3201
0.1272978,242.1989,242.1778,443.0736,581.3201
0.2272978,242.1989,242.1778,443.0736,581.3201
0.3272977,242.1989,242.1777,443.0736,581.3201
0.4272977,242.1988,242.1777,443.0736,581.3201
0.5272977,242.1988,242.1777,443.0736,581.3201
0.6272978,242.1988,242.1777,443.0736,581.3201
0.7272978,242.1988,242.1777,443.0736,581.3201
0.8272977,242.1988,242.1777,443.0736,581.3201
0.9272978,242.1988,242.1777,443.0736,581.3201
1.027298,242.1988,242.1777,443.0736,581.3201
1.127298,242.1988,242.1777,443.0736,581.3201
1.227298,242.1988,242.1777,443.0736,581.3201
1.327298,242.1988,242.1777,443.0736,581.3201
1.427298,242.1988,242.1777,443.0736,581.3201
1.527298,242.1988,242.1777,443.0736,581.3201
1.627298,242.1988,242.1777,443.0736,581.3201
1.727298,242.1988,242.1777,443.0736,581.3201
1.827298,242.1988,242.1777,443.0736,581.3201
1.927298,242.1988,242.1777,443.0736,581.3201
2.027298,242.1988,242.1777,443.0736,581.3201
2.127298,242.1988,242.1777,443.0736,581.3201
2.227298,242.1988,242.1777,443.0736,581.3201
2.327298,242.1988,242.1777,443.0736,581.3201
2.427298,242.1988,242.1777,443.0736,581.3201
2.527298,242.1988,242.1777,443.0736,581.3201
2.627298,242.1988,242.1777,443.0736,581.3201
2.727298,242.1988,242.1777,443.0736,581.3201
2.827298,242.1988,242.1777,443.0736,581.3201
2.927298,242.1988,242.1777,443.0736,581.3201
3.027298,242.1988,242.1777,443.0736,581.3201
3.127298,242.1988,242.1777,443.0736,581.3201
3.227298,242.1988,242.1777,443.0736,581.3201
3.327298,242.1988,242.1777,443.0736,581.3201
3.427298,242.1988,242.1777,443.0736,581.3201
3.527298,242.1988,242.1777,443.0736,581.3201
3.627298,242.1988,242.1777,443.0736,581.3201
3.727298,242.1988,242.1777,443.0736,581.3201
3.827298,242.1988,242.1777,443.0736,581.3201
3.927298,242.1988,242.1777,443.0736,581.3201
4.027298,242.1988,242.1777,443.0736,581.3201
4.127298,242.1988,242.1777,443.0736,581.3201
4.227298,242.1988,242.1777,443.0736,581.3201
4.327298,242.1988,242.1777,443.0736,581.3201
4.427298,242.1988,242.1777,443.0736,581.3201
4.527298,242.1988,242.1777,443.0736,581.3201
4.627298,242.1989,242.1777,443.0736,581.3201
4.727298,242.1988,242.1777,443.0736,581.3201
4.827298,242.1988,242.1777,443.0736,581.3201
4.927298,242.1988,242.1777,443.0736,581.3201
5.027298,242.1988,242.1777,443.0736,581.3201
5.127298,242.1988,242.1777,443.0736,581.3201
5.227298,242.1988,242.1777,443.0736,581.3201
5.327298,242.1988,242.1777,443.0736,581.3201
5.427298,242.1988,242.1777,443.0736,581.3201
5.527298,242.1988,242.1777,443.0736,581.3201
5.627298,242.1988,242.1777,443.0736,581.3201
5.727298,242.1988,242.1777,443.0736,581.3201
5.827298,242.1988,242.1777,443.0736,581.3201
5.927298,242.1989,242.1777,443.0736,581.3201
6.027298,242.1988,242.1777,443.0736,581.3201
6.127298,242.1988,242.1777,443.0736,581.3201
6.227298,242.1988,242.1777,443.0736,581.3201
6.327298,242.1988,242.1777,443.0736,581.3201
6.427298,242.1988,242.1777,443.0736,581.3201
6.527298,242.1988,242.1777,443.0736,581.3201
6.627298,242.1988,242.1777,443.0736,581.3201
6.727298,242.1988,242.1777,443.0736,581.3201
6.827298,242.1988,242.1777,443.0736,581.3201
6.927298,242.1988,242.1777,443.0736,581.3201
7.027298,242.1988,242.1777,443.0736,581.3201
7.127298,242.1988,242.1777,443.0736,581.3201
7.227298,242.1989,242.1777,443.0736,581.3201
7.327298,242.1988,242.1777,443.0736,581.3201
7.427298,242.1988,242.1777,443.0736,581.3201
7.527298,242.1988,242.1777,443.0736,581.3201
7.627298,242.1988,242.1777,443.0736,581.3201
7.727298,242.1988,242.1777,443.0736,581.3201
7.827298,242.1988,242.1777,443.0736,581.3201
7.927298,242.1988,242.1777,443.0736,581.3201
8.027298,242.1988,242.1777,443.0736,581.3201
8.127298,242.1988,242.1777,443.0736,581.3201
8.227298,242.1988,242.1777,443.0736,581.3201
8.327298,242.1988,242.1777,443.0736,581.3201
8.427298,242.1988,242.1777,443.0736,581.3201
8.527298,242.1989,242.1777,443.0736,581.3201
8.627298,242.1988,242.1777,443.0736,581.3201
8.727298,242.1988,242.1777,443.0736,581.3201
8.827298,242.1988,242.1777,443.0736,581.3201
8.927298,242.1988,242.1777,443.0736,581.3201
9.027298,242.1988,242.1777,443.0736,581.3201
9.127298,242.1988,242.1777,443.0736,581.3201
9.227298,242.1988,242.1777,443.0736,581.3201
9.327298,242.1988,242.1777,443.0736,581.3201
9.427298,242.1988,242.1777,443.0736,581.3201
9.527298,242.1988,242.1777,443.0736,581.3201
9.627298,242.1988,242.1777,443.0736,581.3201
9.727298,242.1988,242.1777,443.0736,581.3201
9.827298,242.1989,242.1777,443.0736,581.3201
9.927298,242.1988,242.1777,443.0736,581.3201
10.0273,242.1988,242.1777,443.0736,581.3201
10.1273,242.1988,242.1777,443.0736,581.3201
10.2273,242.1988,242.1777,443.0736,581.3201
10.3273,242.1988,242.1777,443.0736,581.3201
10.4273,242.1988,242.1777,443.0736,581.3201
10.5273,242.1988,242.1777,443.0736,581.3201
10.6273,242.1988,242.1777,443.0736,581.3201
10.7273,242.1988,242.1777,443.0736,581.3201
10.8273,242.1988,242.1777,443.0736,581.3201
10.9273,242.1988,242.1777,443.0736,581.3201
11.0273,242.1988,242.1777,443.0736,581.3201
11.1273,242.1989,242.1777,443.0736,581.3201
11.2273,242.1988,242.1777,443.0736,581.3201
11.3273,242.1988,242.1777,443.0736,581.3201
11.4273,242.1988,242.1777,443.0736,581.3201
11.5273,242.1988,242.1777,443.0736,581.3201
11.6273,242.1988,242.1777,443.0736,581.3201
11.7273,242.1988,242.1777,443.0736,581.3201
11.8273,242.1988,242.1777,443.0736,581.3201
11.9273,242.1988,242.1777,443.0736,581.3201
12.0273,242.1988,242.1777,443.0736,581.3201
12.1273,242.1988,242.1777,443.0736,581.3201
12.2273,242.1988,242.1777,443.0736,581.3201
12.3273,242.1988,242.1777,443.0736,581.3201
12.4273,242.1989,242.1777,443.0736,581.3201
12.5273,242.1988,242.1777,443.0736,581.3201
12.6273,242.1988,242.1777,443.0736,581.3201
12.7273,242.1988,242.1777,443.0736,581.3201
12.8273,242.1988,242.1777,443.0736,581.3201
12.9273,242.1988,242.1777,443.0736,581.3201
13.0273,242.1988,242.1777,443.0736,581.3201
13.1273,242.1988,242.1777,443.0736,581.3201
13.2273,242.1988,242.1777,443.0736,581.3201
13.3273,242.1988,242.1777,443.0736,581.3201
13.4273,242.1988,242.1777,443.0736,581.3201
13.5273,242.1988,242.1777,443.0736,581.3201
13.6273,242.1988,242.1777,443.0736,581.3201
13.7273,242.1989,242.1777,443.0736,581.3201
13.8273,242.1988,242.1777,443.0736,581.3201
13.9273,242.1988,242.1777,443.0736,581.3201
14.0273,242.1988,242.1777,443.0736,581.3201
14.1273,242.1988,242.1777,443.0736,581.3201
14.2273,242.1988,242.1777,443.0736,581.3201
14.3273,242.1988,242.1777,443.0736,581.3201
14.4273,242.1988,242.1777,443.0736,581.3201
14.5273,242.1988,242.1777,443.0736,581.3201
14.6273,242.1988,242.1777,443.0736,581.3201
14.7273,242.1988,242.1777,443.0736,581.3201
14.8273,242.1988,242.1777,443.0736,581.3201
14.9273,242.1988,242.1777,443.0736,581.3201
15.0273,242.1989,242.1777,443.0736,581.3201
15.1273,242.1988,242.1777,443.0736,581.3201
15.2273,242.1988,242.1777,443.0736,581.3201
15.3273,242.1988,242.1777,443.0736,581.3201
15.4273,242.1988,242.1777,443.0736,581.3201
15.5273,242.1988,242.1777,443.0736,581.3201
15.6273,242.1988,242.1777,443.0736,581.3201
15.7273,242.1988,242.1777,443.0736,581.3201
15.8273,242.1988,242.1777,443.0736,581.3201
15.9273,242.1988,242.1777,443.0736,581.3201
16.0273,242.1988,242.1777,443.0736,581.3201
16.1273,242.1988,242.1777,443.0736,581.3201
16.2273,242.1989,242.1777,443.0735,581.3201
16.3273,242.1989,242.1777,443.0735,581.3201
16.4273,242.1988,242.1777,443.0735,581.3201
16.5273,242.1988,242.1777,443.0735,581.3201
16.6273,242.1988,242.1777,443.0735,581.3201
16.7273,242.1988,242.1777,443.0735,581.3201
16.8273,242.1989,242.1777,443.0735,581.3201
16.9273,242.1988,242.1777,443.0735,581.3201
17.0273,242.1988,242.1777,443.0735,581.3201
17.1273,242.1988,242.1777,443.0735,581.3201
17.2273,242.1988,242.1777,443.0735,581.3201
17.3273,242.1988,242.1777,443.0735,581.3201
17.4273,242.1988,242.1777,443.0735,581.3201
17.5273,242.1988,242.1777,443.0735,581.3201
17.6273,242.1989,242.1777,443.0735,581.3201
17.7273,242.1988,242.1777,443.0735,581.3201
17.8273,242.1988,242.1777,443.0735,581.3201
17.9273,242.1988,242.1777,443.0735,581.3201
18.0273,242.1988,242.1777,443.0735,581.3201
18.1273,242.1988,242.1777,443.0735,581.3201
18.2273,242.1988,242.1777,443.0735,581.3201
18.3273,242.1988,242.1777,443.0735,581.3201
18.4273,242.1988,242.1777,443.0735,581.3201
18.5273,242.1988,242.1777,443.0735,581.3201
18.6273,242.1988,242.1777,443.0735,581.3201
18.7273,242.1988,242.1777,443.0735,581.3201
18.8273,242.1989,242.1777,443.0735,581.3201
18.9273,242.1989,242.1777,443.0735,581.3201
19.0273,242.1988,242.1777,443.0735,581.3201
19.1273,242.1988,242.1777,443.0735,581.3201
19.2273,242.1988,242.1777,443.0735,581.3201
19.3273,242.1988,242.1777,443.0735,581.3201
19.4273,242.1988,242.1777,443.0735,581.3201
19.5273,242.1988,242.1777,443.0735,581.3201
19.6273,242.1988,242.1777,443.0735,581.3201
19.7273,242.1988,242.1777,443.0735,581.3201
19.8273,242.1988,242.1777,443.0735,581.3201
19.9273,242.1988,242.1777,443.0735,581.3201
20.0273,242.1988,242.1777,443.0735,581.3201
20.1273,242.1918,242.1798,443.0735,581.3201
20.2273,242.1596,242.1912,443.0735,581.3203
20.3273,242.0936,242.2152,443.0735,581.3214
20.4273,241.9925,242.2523,443.0734,581.3243
20.5273,241.8574,242.3017,443.0734,581.3296
20.6273,241.6911,242.3622,443.0734,581.338
20.7273,241.4962,242.4327,443.0734,581.3494
20.8273,241.2756,242.5118,443.0737,581.3638
20.9273,241.032,242.5985,443.0741,581.3811
21.0273,240.7679,242.6918,443.0748,581.401
21.1273,240.4853,242.791,443.0758,581.4231
21.2273,240.1862,242.8952,443.0772,581.4473
21.3273,239.8724,243.0039,443.079,581.4733
21.4273,239.5455,243.1164,443.0813,581.5006
21.5273,239.2069,243.2324,443.084,581.5291
21.6273,238.8577,243.3513,443.0873,581.5587
21.7273,238.4991,243.4729,443.0911,581.5891
21.8273,238.1321,243.5967,443.0954,581.6202
21.9273,237.7575,243.7226,443.1003,581.652
22.0273,237.3762,243.8502,443.1058,581.6842
22.1273,236.9887,243.9795,443.1118,581.7169
22.2273,236.5958,244.1101,443.1185,581.7498
22.3273,236.1979,244.242,443.1257,581.783
22.4273,235.7956,244.375,443.1335,581.8165
22.5273,235.3892,244.509,443.142,581.8501
22.6273,234.9792,244.6438,443.151,581.8838
22.7273,234.5659,244.7795,443.1606,581.9177
22.8273,234.1495,244.9158,443.1708,581.9516
22.9273,233.7303,245.0527,443.1817,581.9857
23.0273,233.3087,245.1902,443.193,582.0197
23.1273,232.8848,245.3282,443.205,582.0537
23.2273,232.4587,245.4667,443.2175,582.0876
23.3273,232.0307,245.6056,443.2306,582.1215
23.4273,231.6008,245.7448,443.2442,582.1554
23.5273,231.1693,245.8844,443.2584,582.1891
23.6273,230.7361,246.0243,443.2731,582.2227
23.7273,230.3016,246.1646,443.2883,582.2563
23.8273,229.8655,246.3053,443.3041,582.2898
23.9273,229.428,246.4469,443.3204,582.3231
24.0273,228.9863,246.597,443.3372,582.3563
24.1273,228.5398,246.756,443.3545,582.3892
24.2273,228.0905,246.9194,443.3723,582.4215
24.3273,227.6395,247.0849,443.3905,582.4528
24.4273,227.1872,247.2512,443.4092,582.483
24.5273,226.734,247.4179,443.4284,582.5125
24.6273,226.28,247.5845,443.4479,582.5414
24.7273,225.8253,247.751,443.4679,582.5699
24.8273,225.3698,247.9173,443.4883,582.5983
24.9273,224.9137,248.0834,443.5091,582.6263
25.0273,224.4568,248.2493,443.5302,582.6544
25.1273,223.9992,248.4151,443.5518,582.6823
25.2273,223.541,248.5808,443.5736,582.7101
25.3273,223.082,248.7464,443.5959,582.7378
25.4273,222.6221,248.9117,443.6185,582.7654
25.5273,222.1616,249.0771,443.6414,582.793
25.6273,221.7004,249.2425,443.6647,582.8204
25.7273,221.2384,249.4078,443.6884,582.8478
25.8273,220.7757,249.5731,443.7123,582.875
25.9273,220.3122,249.7385,443.7366,582.9021
26.0273,219.848,249.9038,443.7612,582.9291
26.1273,219.3829,250.0692,443.7861,582.9559
26.2273,218.9172,250.2347,443.8113,582.9827
26.3273,218.4506,250.4001,443.8368,583.0094
26.4273,217.9833,250.5657,443.8626,583.036
26.5273,217.5152,250.7314,443.8888,583.0623
26.6273,217.0463,250.897,443.9152,583.0887
26.7273,216.5766,251.0628,443.9419,583.1148
26.8273,216.1061,251.2287,443.9688,583.1409
26.9273,215.6351,251.3948,443.996,583.1669
27.0273,215.1628,251.5607,444.0236,583.1927
27.1273,214.69,251.727,444.0513,583.2185
27.2273,214.2163,251.8933,444.0794,583.2441
27.3273,213.7418,252.0597,444.1076,583.2696
27.4273,213.2666,252.2263,444.1362,583.295
27.5273,212.7904,252.3929,444.165,583.3202
27.6273,212.3135,252.5598,444.194,583.3455
27.7273,211.8357,252.7267,444.2233,583.3705
27.8273,211.3571,252.8938,444.2528,583.3955
27.9273,210.8777,253.0611,444.2826,583.4203
28.0273,210.3974,253.2284,444.3126,583.445
28.1273,209.9162,253.3959,444.3428,583.4697
28.2273,209.4342,253.5636,444.3732,583.4943
28.3273,208.9514,253.7314,444.4039,583.5187
28.4273,208.4676,253.8994,444.4347,583.5431
28.5273,207.9832,254.0676,444.4658,583.5674
28.6273,207.4976,254.2358,444.4971,583.5915
28.7273,207.0113,254.4042,444.5286,583.6156
28.8273,206.5241,254.5729,444.5603,583.6397
28.9273,206.0357,254.7414,444.5921,583.6636
29.0273,205.5468,254.9103,444.6243,583.6874
29.1273,205.057,255.0795,444.6565,583.7111
29.2273,204.5661,255.2486,444.689,583.7347
29.3273,204.0747,255.4184,444.7217,583.7582
29.4273,203.5816,255.5875,444.7546,583.7817
29.5273,203.0881,255.7572,444.7876,583.805
29.6273,202.5937,255.9272,444.8209,583.8283
29.7273,202.0984,256.0973,444.8543,583.8515
29.8273,201.6017,256.2671,444.8879,583.8746
29.9273,201.1046,256.4377,444.9217,583.8976
30.0273,200.6062,256.6081,444.9556,583.9206
30.1273,200.1071,256.779,444.9898,583.9435
30.2273,199.6069,256.9498,445.0241,583.9663
30.3273,199.1058,257.1209,445.0585,583.9891
30.4273,198.6037,257.2922,445.0931,584.0118
30.5273,198.1005,257.4635,445.1279,584.0344
30.6273,197.5963,257.635,445.1629,584.0569
30.7273,197.0914,257.807,445.198,584.0794
30.8273,196.5853,257.9789,445.2333,584.1018
30.9273,196.0781,258.151,445.2687,584.1241
31.0273,195.5701,258.3235,445.3043,584.1464
31.1273,195.0609,258.496,445.34,584.1686
31.2273,194.5506,258.6687,445.3759,584.1907
31.3273,194.0395,258.8417,445.412,584.2128
31.4273,193.5272,259.0149,445.4482,584.2349
31.5273,193.0135,259.1879,445.4845,584.2569
31.6273,192.4995,259.3617,445.521,584.2789
31.7273,191.9839,259.5353,445.5576,584.3007
31.8273,191.4674,259.7092,445.5944,584.3226
31.9273,190.9496,259.8832,445.6313,584.3444
32.0273,190.4311,260.0577,445.6684,584.3662
32.1273,189.9113,260.2323,445.7056,584.3879
32.2273,189.3916,260.4066,445.743,584.4095
32.3273,188.8899,260.5743,445.7805,584.431
32.4273,188.398,260.738,445.8181,584.452
32.5273,187.9096,260.9003,445.856,584.472
32.6273,187.422,261.0622,445.8939,584.491
32.7273,186.9338,261.2242,445.9319,584.5093
32.8273,186.4447,261.3868,445.9701,584.5269
32.9273,185.954,261.5499,446.0083,584.5443
33.0273,185.4616,261.7134,446.0466,584.5615
33.1273,184.9678,261.8777,446.085,584.5787
33.2273,184.4719,262.0421,446.1235,584.5958
33.3273,183.9749,262.2075,446.162,584.613
33.4273,183.4758,262.3728,446.2006,584.6304
33.5273,182.9751,262.5387,446.2392,584.6478
33.6273,182.473,262.7051,446.2779,584.6653
33.7273,181.9696,262.8721,446.3167,584.683
33.8273,181.4642,263.039,446.3555,584.7006
33.9273,180.9576,263.2065,446.3944,584.7183
34.0273,180.4493,263.3742,446.4334,584.7361
34.1273,179.9398,263.5424,446.4725,584.7539
34.2273,179.4287,263.7108,446.5116,584.7717
34.3273,178.9162,263.8794,446.5509,584.7896
34.4273,178.4024,264.0486,446.5902,584.8075
34.5273,177.8872,264.2178,446.6296,584.8253
34.6273,177.3708,264.3876,446.6691,584.8432
34.7273,176.8526,264.5574,446.7086,584.861
34.8273,176.3335,264.7279,446.7483,584.8789
34.9273,175.8125,264.898,446.7881,584.8969
35.0273,175.2907,265.0691,446.8279,584.9148
35.1273,174.7671,265.2398,446.8678,584.9329
35.2273,174.2423,265.4111,446.9079,584.951
35.3273,173.7162,265.5828,446.948,584.9691
35.4273,173.1886,265.7545,446.9882,584.9873
35.5273,172.6601,265.927,447.0285,585.0054
35.6273,172.1296,266.0991,447.0689,585.0235
35.7273,171.5981,266.2718,447.1094,585.0416
35.8273,171.0651,266.4447,447.15,585.0597
35.9273,170.5308,266.618,447.1907,585.0779
36.0273,169.995,266.7914,447.2315,585.096
36.1273,169.4579,266.9652,447.2724,585.1141
36.2273,168.9194,267.1393,447.3134,585.1322
36.3273,168.3794,267.3136,447.3546,585.1503
36.4273,167.838,267.4882,447.3958,585.1685
36.5273,167.2952,267.6631,447.4371,585.1867
36.6273,166.7511,267.8385,447.4785,585.2049
36.7273,166.2053,268.0139,447.5201,585.2232
36.8273,165.6579,268.1896,447.5617,585.2414
36.9273,165.1094,268.3658,447.6035,585.2597
37.0273,164.5591,268.542,447.6454,585.2781
37.1273,164.0074,268.7188,447.6873,585.2964
37.2273,163.4542,268.8958,447.7294,585.3149
37.3273,162.8995,269.0732,447.7716,585.3333
37.4273,162.3431,269.2507,447.8139,585.3518
37.5273,161.7853,269.4287,447.8564,585.3703
37.6273,161.226,269.6072,447.8989,585.3889
37.7273,160.665,269.7857,447.9416,585.4074
37.8273,160.1028,269.965,447.9844,585.4261
37.9273,159.538,270.1438,448.0273,585.4448
38.0273,158.972,270.3233,448.0704,585.4635
38.1273,158.4049,270.5036,448.1135,585.4824
38.2273,157.8353,270.6835,448.1568,585.5012
38.3273,157.2644,270.8641,448.2002,585.5201
38.4273,156.6917,271.0451,448.2438,585.5391
38.5273,156.1174,271.2264,448.2874,585.5581
38.6273,155.5413,271.4081,448.3312,585.5773
38.7273,154.9633,271.59,448.3751,585.5964
38.8273,154.3838,271.7725,448.4192,585.6157
38.9273,153.8023,271.9552,448.4634,585.635
39.0273,153.2187,272.1381,448.5078,585.6544
39.1273,152.6388,272.3202,448.5522,585.6738
39.2273,152.0647,272.4995,448.5968,585.6932
39.3273,151.4942,272.6777,448.6416,585.7123
39.4273,150.9254,272.8548,448.6865,585.7309
39.5273,150.3582,273.032,448.7316,585.749
39.6273,149.791,273.2084,448.7768,585.7666
39.7273,149.224,273.3847,448.8221,585.7838
39.8273,148.6569,273.5608,448.8675,585.8008
39.9273,148.0896,273.737,448.913,585.8175
40.0273,147.5217,273.9131,448.9586,585.8341
40.1273,146.9533,274.0893,449.0043,585.8506
40.2273,146.3844,274.2656,449.0502,585.867
40.3273,145.8147,274.442,449.0961,585.8833
40.4273,145.244,274.6182,449.1421,585.8997
40.5273,144.6727,274.7947,449.1882,585.916
40.6273,144.1009,274.9716,449.2343,585.9323
40.7273,143.5276,275.148,449.2806,585.9486
40.8273,142.9534,275.3248,449.327,585.965
40.9273,142.3783,275.5016,449.3734,585.9814
41.0273,141.8024,275.6788,449.42,585.9977
41.1273,141.2253,275.8559,449.4667,586.0141
41.2273,140.6469,276.0331,449.5134,586.0306
41.3273,140.0678,276.2106,449.5602,586.0471
41.4273,139.4873,276.3881,449.6071,586.0636
41.5273,138.906,276.566,449.6541,586.0802
41.6273,138.3232,276.7436,449.7012,586.0967
41.7273,137.7394,276.9216,449.7485,586.1133
41.8273,137.1546,277.1,449.7958,586.13
41.9273,136.5683,277.2783,449.8432,586.1467
42.0273,135.9809,277.4568,449.8907,586.1635
42.1273,135.3925,277.6356,449.9383,586.1802
42.2273,134.803,277.8148,449.986,586.197
42.3273,134.2118,277.9938,450.0338,586.2139
42.4273,133.6191,278.1727,450.0817,586.2309
42.5273,133.0258,278.3523,450.1297,586.2478
42.6273,132.4308,278.5319,450.1778,586.2649
42.7273,131.8347,278.7118,450.2261,586.2819
42.8273,131.2372,278.8917,450.2744,586.2991
42.9273,130.6383,279.0718,450.3229,586.3163
43.0273,130.0382,279.2522,450.3714,586.3336
43.1273,129.4368,279.4329,450.4201,586.3509
43.2273,128.8341,279.6137,450.4689,586.3683
43.3273,128.2299,279.7947,450.5178,586.3858
43.4273,127.6244,279.9759,450.5668,586.4033
43.5273,127.017,280.1574,450.6159,586.4209
43.6273,126.4007,280.3421,450.6652,586.4386
43.7273,125.7772,280.5279,450.7146,586.4566
43.8273,125.1509,280.7152,450.764,586.4752
43.9273,124.5222,280.9021,450.8136,586.4943
44.0273,123.893,281.0894,450.8634,586.5139
44.1273,123.2631,281.276,450.9133,586.5339
44.2273,122.6339,281.463,450.9633,586.5542
44.3273,122.0037,281.6486,451.0135,586.5744
44.4273,121.3745,281.8346,451.0638,586.5947
44.5273,120.7453,282.0201,451.1144,586.6149
44.6273,120.1167,282.2059,451.165,586.6351
44.7273,119.4874,282.3907,451.2159,586.655
44.8273,118.8584,282.5762,451.2669,586.6747
44.9273,118.2282,282.7621,451.318,586.6943
45.0273,117.5944,282.9589,451.3693,586.7136
45.1273,116.955,283.1646,451.4208,586.7325
45.2273,116.3129,283.3752,451.4724,586.7506
45.3273,115.6681,283.5871,451.5242,586.7681
45.4273,115.0225,283.8002,451.5761,586.7848
45.5273,114.3761,284.0136,451.6281,586.8011
45.6273,113.7286,284.2267,451.6803,586.8171
45.7273,113.0805,284.4397,451.7326,586.833
45.8273,112.4319,284.6526,451.7849,586.849
45.9273,111.7832,284.8659,451.8374,586.8649
46.0273,111.1326,285.0779,451.8899,586.8809
46.1273,110.4818,285.2904,451.9426,586.897
46.2273,109.8296,285.5023,451.9953,586.9132
46.3273,109.1768,285.7146,452.0482,586.9295
46.4273,108.5229,285.9268,452.1011,586.9459
46.5273,107.8679,286.1391,452.1542,586.9625
46.6273,107.2123,286.3519,452.2074,586.9791
46.7273,106.5543,286.5636,452.2606,586.9958
46.8273,105.8953,286.7759,452.314,587.0127
46.9273,105.2316,286.9897,452.3675,587.0298
47.0273,104.5565,287.2067,452.4211,587.0471
47.1273,103.875,287.426,452.4748,587.065
47.2273,103.1891,287.646,452.5285,587.0836
47.3273,102.5013,287.8664,452.5825,587.1031
47.4273,101.8123,288.0868,452.6365,587.1231
47.5273,101.1224,288.3066,452.6907,587.1438
47.6273,100.4334,288.5267,452.745,587.1648
47.7273,99.74382,288.7455,452.7995,587.1861
47.8273,99.05475,288.9641,452.8542,587.2073
47.9273,98.3663,289.1827,452.909,587.2285
48.0273,97.67738,289.4001,452.964,587.2496
48.1273,96.98891,289.6176,453.0191,587.2705
48.2273,96.30032,289.8345,453.0745,587.2913
48.3273,95.6123,290.0519,453.13,587.3119
48.4273,94.92306,290.2682,453.1856,587.3324
48.5273,94.23388,290.4847,453.2414,587.3528
48.6273,93.5447,290.7016,453.2974,587.3731
48.7273,92.85407,290.9178,453.3536,587.3934
48.8273,92.16225,291.1335,453.4099,587.4136
48.9273,91.4702,291.3499,453.4664,587.4338
49.0273,90.77694,291.5661,453.5229,587.4541
49.1273,90.08839,291.7819,453.5797,587.4744
49.2273,89.41775,291.99,453.6367,587.4945
49.3273,88.77731,292.1877,453.6938,587.5139
49.4273,88.1736,292.3729,453.7511,587.5315
49.5273,87.61013,292.545,453.8086,587.5459
49.6273,87.08224,292.7052,453.8663,587.5561
49.7273,86.58719,292.8556,453.9241,587.5613
49.8273,86.1275,292.9945,453.982,587.5611
49.9273,85.70511,293.1225,454.04,587.5553
50.0273,85.31807,293.2385,454.0979,587.5439
50.1273,84.96652,293.3441,454.1557,587.5267
50.2273,84.64846,293.4395,454.2134,587.504
50.3273,84.36207,293.5255,454.2708,587.4758
50.4273,84.10451,293.6023,454.3278,587.4424
50.5273,83.87505,293.6721,454.3845,587.404
50.6273,83.6689,293.7331,454.4406,587.361
50.7273,83.48624,293.7881,454.4962,587.314
50.8273,83.32436,293.8373,454.5511,587.2631
50.9273,83.18078,293.8806,454.6053,587.209
51.0273,83.05425,293.9191,454.6587,587.1518
51.1273,82.94303,293.9533,454.7114,587.0921
51.2273,82.84505,293.9833,454.7632,587.0301
51.3273,82.75982,294.0104,454.8141,586.9662
51.4273,82.68488,294.0337,454.8641,586.9007
51.5273,82.6196,294.0542,454.9132,586.8339
51.6273,82.56352,294.073,454.9612,586.7659
51.7273,82.51454,294.0891,455.0083,586.697
51.8273,82.47162,294.1026,455.0544,586.6275
51.9273,82.43528,294.1151,455.0994,586.5573
52.0273,82.40376,294.1257,455.1434,586.4868
52.1273,82.37732,294.1355,455.1864,586.416
52.2273,82.35453,294.1438,455.2283,586.345
52.3273,82.33493,294.1508,455.2693,586.2739
52.4273,82.31843,294.1571,455.3092,586.2028
52.5273,82.30481,294.1627,455.348,586.1319
52.6273,82.29328,294.1674,455.3859,586.0609
52.7273,82.28398,294.1718,455.4228,585.9903
52.8273,82.27616,294.1756,455.4586,585.9198
52.9273,82.26945,294.1786,455.4935,585.8496
53.0273,82.26429,294.1814,455.5274,585.7799
53.1273,82.26044,294.1841,455.5603,585.7105
53.2273,82.25689,294.186,455.5923,585.6415
53.3273,82.25446,294.1879,455.6234,585.5728
53.4273,82.25271,294.1897,455.6536,585.5046
53.5273,82.25144,294.1912,455.6828,585.4366
53.6273,82.25055,294.1925,455.7111,585.369
53.7273,82.25001,294.1937,455.7386,585.3018
53.8273,82.24964,294.1946,455.7652,585.2349
53.9273,82.24973,294.1956,455.791,585.1685
54.0273,82.24978,294.1964,455.8159,585.1023
54.1273,82.25052,294.1975,455.84,585.0366
54.2273,82.25071,294.1979,455.8634,584.9712
54.3273,82.25132,294.1986,455.8859,584.9061
54.4273,82.25201,294.1992,455.9077,584.8414
54.5273,82.25266,294.1997,455.9287,584.7771
54.6273,82.25347,294.2003,455.9489,584.7131
54.7273,82.25401,294.2007,455.9685,584.6494
54.8273,82.25469,294.201,455.9873,584.586
54.9273,82.25551,294.2016,456.0054,584.5229
55.0273,82.25617,294.2019,456.0228,584.4601
55.1273,82.25698,294.2024,456.0395,584.3977
55.2273,82.25773,294.2029,456.0556,584.3355
55.3273,82.25829,294.2032,456.071,584.2736
55.4273,82.25885,294.2035,456.0858,584.212
55.5273,82.25955,294.2039,456.1,584.1508
55.6273,82.26006,294.2041,456.1135,584.0898
55.7273,82.26065,294.2045,456.1264,584.0291
55.8273,82.2612,294.2049,456.1388,583.9687
55.9273,82.26164,294.2052,456.1506,583.9086
56.0273,82.26213,294.2055,456.1618,583.8487
56.1273,82.26265,294.2059,456.1724,583.7891
56.2273,82.26292,294.206,456.1825,583.7299
56.3273,82.26341,294.2065,456.1921,583.6709
56.4273,82.26371,294.2067,456.2011,583.6121
56.5273,82.26403,294.207,456.2096,583.5535
56.6273,82.2643,294.2072,456.2177,583.4953
56.7273,82.26469,294.2076,456.2252,583.4373
56.8273,82.26496,294.2079,456.2322,583.3796
56.9273,82.26528,294.2082,456.2388,583.3221
57.0273,82.26541,294.2084,456.2449,583.2648
57.1273,82.26575,294.2087,456.2505,583.2077
57.2273,82.26594,294.209,456.2557,583.151
57.3273,82.2662,294.2093,456.2605,583.0944
57.4273,82.26633,294.2095,456.2648,583.0381
57.5273,82.26663,294.2098,456.2687,582.982
57.6273,82.26675,294.21,456.2722,582.9261
57.7273,82.26695,294.2103,456.2753,582.8704
57.8273,82.26708,294.2105,456.2779,582.815
57.9273,82.26731,294.2108,456.2802,582.7597
58.0273,82.26738,294.2109,456.2821,582.7047
58.1273,82.26759,294.2112,456.2837,582.6499
58.2273,82.26767,294.2114,456.2848,582.5954
58.3273,82.26787,294.2117,456.2856,582.541
58.4273,82.26795,294.2118,456.2861,582.4868
58.5273,82.26814,294.2121,456.2862,582.4329
58.6273,82.26822,294.2123,456.2859,582.3791
58.7273,82.26837,294.2125,456.2854,582.3254
58.8273,82.26846,294.2127,456.2845,582.2721
58.9273,82.2686,294.2129,456.2833,582.2189
59.0273,82.26865,294.2131,456.2817,582.166
59.1273,82.26879,294.2134,456.2799,582.1132
59.2273,82.26881,294.2135,456.2778,582.0608
59.3273,82.26896,294.2138,456.2754,582.0084
59.4273,82.26897,294.2139,456.2726,581.9562
59.5273,82.26911,294.2141,456.2696,581.9042
59.6273,82.26912,294.2142,456.2663,581.8523
59.7273,82.26924,294.2145,456.2628,581.8007
59.8273,82.26925,294.2146,456.259,581.7493
59.9273,82.26937,294.2149,456.2549,581.6979
60.0273,82.26937,294.215,456.2506,581.6468
60.1273,82.26949,294.2152,456.246,581.5959
60.2273,82.26948,294.2153,456.2411,581.5449
60.3273,82.2696,294.2156,456.2361,581.4942
60.4273,82.26959,294.2156,456.2308,581.4435
60.5273,82.26971,294.2159,456.2252,581.393
60.6273,82.26971,294.2159,456.2195,581.3427
60.7273,82.26982,294.2162,456.2135,581.2925
60.8273,82.26981,294.2162,456.2073,581.2425
60.9273,82.26992,294.2165,456.2009,581.1926
61.0273,82.26991,294.2165,456.1943,581.1429
61.1273,82.27002,294.2167,456.1874,581.0934
61.2273,82.27001,294.2168,456.1804,581.044
61.3273,82.27011,294.217,456.1732,580.9947
61.4273,82.2701,294.2171,456.1658,580.9456
61.5273,82.2702,294.2173,456.1582,580.8967
61.6273,82.27018,294.2173,456.1504,580.8478
61.7273,82.27027,294.2175,456.1424,580.7992
61.8273,82.27025,294.2176,456.1343,580.7507
61.9273,82.27034,294.2178,456.126,580.7023
62.0273,82.27031,294.2178,456.1175,580.6541
62.1273,82.2704,294.218,456.1088,580.6061
62.2273,82.27035,294.218,456.1001,580.5581
62.3273,82.27043,294.2182,456.0911,580.5103
62.4273,82.27038,294.2183,456.0819,580.4627
62.5273,82.27047,294.2184,456.0727,580.4152
62.6273,82.27041,294.2185,456.0633,580.3678
62.7273,82.27049,294.2187,456.0537,580.3206
62.8273,82.27043,294.2187,456.044,580.2735
62.9273,82.27052,294.2189,456.0341,580.2265
63.0273,82.27045,294.2189,456.0241,580.1797
63.1273,82.27053,294.2191,456.014,580.133
63.2273,82.27048,294.2191,456.0038,580.0864
63.3273,82.27055,294.2192,455.9934,580.04
63.4273,82.27048,294.2193,455.9829,579.9937
63.5273,82.27056,294.2194,455.9723,579.9475
63.6273,82.27051,294.2194,455.9615,579.9015
63.7273,82.27059,294.2196,455.9507,579.8556
63.8273,82.27054,294.2196,455.9397,579.8098
63.9273,82.2706,294.2197,455.9286,579.7641
64.0273,82.27057,294.2198,455.9174,579.7186
64.1273,82.27061,294.2199,455.9061,579.6731
64.2273,82.27058,294.2199,455.8947,579.6277
64.3273,82.27061,294.22,455.8832,579.5825
64.4273,82.27058,294.22,455.8716,579.5374
64.5273,82.27061,294.2201,455.8598,579.4923
64.6273,82.27057,294.2202,455.848,579.4475
64.7273,82.2706,294.2203,455.8361,579.4028
64.8273,82.27055,294.2203,455.8242,579.3583
64.9273,82.27058,294.2204,455.8121,579.3139
65.0273,82.27052,294.2204,455.7999,579.2697
65.1273,82.27054,294.2205,455.7877,579.2255
65.2273,82.27049,294.2205,455.7753,579.1815
65.3273,82.2705,294.2206,455.7629,579.1376
65.4273,82.27045,294.2207,455.7504,579.0938
65.5273,82.27047,294.2208,455.7378,579.0502
65.6273,82.27041,294.2208,455.7252,579.0066
65.7273,82.27043,294.2209,455.7125,578.9631
65.8273,82.27038,294.2209,455.6997,578.9197
65.9273,82.2704,294.221,455.6868,578.8765
66.0273,82.27034,294.221,455.6739,578.8333
66.1273,82.27037,294.2211,455.6609,578.7904
66.2273,82.27031,294.2211,455.6479,578.7474
66.3273,82.27033,294.2212,455.6347,578.7046
66.4273,82.27027,294.2212,455.6215,578.6618
66.5273,82.27029,294.2213,455.6083,578.6192
66.6273,82.27023,294.2213,455.595,578.5767
66.7273,82.27025,294.2213,455.5816,578.5343
66.8273,82.2702,294.2213,455.5682,578.492
66.9273,82.27022,294.2214,455.5547,578.4498
67.0273,82.27016,294.2214,455.5412,578.4077
67.1273,82.27018,294.2214,455.5276,578.3656
67.2273,82.27012,294.2214,455.5139,578.3237
67.3273,82.27015,294.2215,455.5003,578.2819
67.4273,82.27009,294.2215,455.4866,578.2402
67.5273,82.2701,294.2216,455.4728,578.1986
67.6273,82.27004,294.2215,455.4589,578.157
67.7273,82.27006,294.2216,455.445,578.1156
67.8273,82.26999,294.2216,455.4311,578.0743
67.9273,82.27001,294.2216,455.4172,578.033
68.0273,82.26993,294.2216,455.4032,577.9919
68.1273,82.26995,294.2217,455.3891,577.9508
68.2273,82.26988,294.2217,455.3751,577.9098
68.3273,82.26989,294.2218,455.361,577.869
68.4273,82.26982,294.2217,455.3468,577.8282
68.5273,82.26982,294.2218,455.3326,577.7875
68.6273,82.2693,294.2212,455.3184,577.7469
68.7273,82.26995,294.222,455.3041,577.7064
68.8273,82.26985,294.2221,455.2898,577.6659
68.9273,82.26984,294.2223,455.2755,577.6257
69.0273,82.26974,294.2222,455.2612,577.5854
69.1273,82.26964,294.2219,455.2468,577.5453
69.2273,82.26959,294.2219,455.2324,577.5052
69.3273,82.26962,294.222,455.2179,577.4653
69.4273,82.26953,294.222,455.2035,577.4255
69.5273,82.26948,294.2219,455.189,577.3857
69.6273,82.26945,294.2219,455.1745,577.3461
69.7273,82.26941,294.2219,455.1599,577.3065
69.8273,82.26938,294.222,455.1453,577.2671
69.9273,82.26935,294.2219,455.1308,577.2278
70.0273,82.26931,294.222,455.1161,577.1886
70.1273,82.26928,294.2219,455.1015,577.1495
70.2273,82.26925,294.222,455.0868,577.1105
70.3273,82.26921,294.2219,455.0722,577.0715
70.4273,82.26918,294.222,455.0575,577.0327
70.5273,82.26915,294.222,455.0428,576.994
70.6273,82.26911,294.222,455.028,576.9552
70.7273,82.26908,294.222,455.0133,576.9166
70.8273,82.26905,294.222,454.9985,576.8781
70.9273,82.26901,294.222,454.9837,576.8397
71.0273,82.26898,294.222,454.9689,576.8014
71.1273,82.26893,294.222,454.9541,576.7631
71.2273,82.2689,294.222,454.9393,576.7249
71.3273,82.26885,294.2219,454.9245,576.6867
71.4273,82.26882,294.222,454.9096,576.6488
71.5273,82.26876,294.2219,454.8948,576.6108
71.6273,82.26873,294.222,454.8799,576.5729
71.7273,82.26868,294.2219,454.865,576.5351
71.8273,82.26865,294.222,454.8501,576.4973
71.9273,82.26859,294.2219,454.8352,576.4597
72.0273,82.26857,294.222,454.8203,576.4221
72.1273,82.26851,294.2219,454.8054,576.3846
72.2273,82.26848,294.2219,454.7904,576.3472
72.3273,82.26843,294.2219,454.7755,576.3098
72.4273,82.26841,294.2219,454.7606,576.2725
72.5273,82.26836,294.2219,454.7456,576.2354
72.6273,82.26834,294.2219,454.7307,576.1982
72.7273,82.26829,294.2219,454.7157,576.1611
72.8273,82.26827,294.2219,454.7008,576.1241
72.9273,82.26822,294.2218,454.6858,576.0872
73.0273,82.26819,294.2218,454.6708,576.0503
73.1273,82.26814,294.2218,454.6558,576.0136
73.2273,82.26813,294.2218,454.6408,575.9768
73.3273,82.26808,294.2218,454.6259,575.9402
73.4273,82.26805,294.2218,454.6108,575.9036
73.5273,82.268,294.2217,454.5958,575.8671
73.6273,82.26798,294.2217,454.5809,575.8306
73.7273,82.26791,294.2217,454.5659,575.7942
73.8273,82.2679,294.2217,454.5508,575.7579
73.9273,82.26784,294.2216,454.5359,575.7216
74.0273,82.26782,294.2216,454.5209,575.6855
74.1273,82.26775,294.2216,454.5059,575.6493
74.2273,82.26773,294.2216,454.4909,575.6133
74.3273,82.26766,294.2216,454.4758,575.5774
74.4273,82.26764,294.2216,454.4609,575.5414
74.5273,82.26757,294.2215,454.4459,575.5056
74.6273,82.26754,294.2215,454.4309,575.4698
74.7273,82.26748,294.2215,454.4159,575.4342
74.8273,82.26745,294.2215,454.4009,575.3986
74.9273,82.26739,294.2214,454.3859,575.363
75.0273,82.26737,294.2214,454.3709,575.3275
75.1273,82.2673,294.2214,454.3559,575.292
75.2273,82.26728,294.2214,454.3409,575.2567
75.3273,82.26723,294.2213,454.3259,575.2214
75.4273,82.2672,294.2213,454.311,575.1862
75.5273,82.26714,294.2213,454.296,575.151
75.6273,82.26712,294.2213,454.281,575.1159
75.7273,82.26707,294.2212,454.2661,575.0808
75.8273,82.26705,294.2212,454.2511,575.0458
75.9273,82.26701,294.2211,454.2361,575.0108
76.0273,82.26699,294.2211,454.2212,574.9759
76.1273,82.26693,294.2211,454.2062,574.941
76.2273,82.26691,294.2211,454.1913,574.9062
76.3273,82.26686,294.221,454.1764,574.8715
76.4273,82.26683,294.221,454.1614,574.8368
76.5273,82.26678,294.2209,454.1465,574.8022
76.6273,82.26677,294.2209,454.1316,574.7677
76.7273,82.26671,294.2209,454.1167,574.7332
76.8273,82.26669,294.2209,454.1018,574.6988
76.9273,82.26663,294.2208,454.0869,574.6644
77.0273,82.2666,294.2208,454.072,574.6301
77.1273,82.26654,294.2207,454.0571,574.5959
77.2273,82.26651,294.2207,454.0422,574.5618
77.3273,82.26645,294.2207,454.0273,574.5277
77.4273,82.26641,294.2207,454.0125,574.4936
77.5273,82.26635,294.2206,453.9976,574.4596
77.6273,82.26633,294.2206,453.9827,574.4257
77.7273,82.26627,294.2205,453.9679,574.3919
77.8273,82.26624,294.2205,453.9531,574.358
77.9273,82.26618,294.2205,453.9382,574.3243
78.0273,82.26615,294.2205,453.9234,574.2907
78.1273,82.26609,294.2204,453.9086,574.2571
78.2273,82.26607,294.2204,453.8938,574.2235
78.3273,82.26601,294.2203,453.879,574.19
78.4273,82.26598,294.2203,453.8642,574.1566
78.5273,82.26593,294.2202,453.8495,574.1232
78.6273,82.26591,294.2202,453.8347,574.0899
78.7273,82.26586,294.2201,453.8199,574.0567
78.8273,82.26584,294.2201,453.8052,574.0235
78.9273,82.26595,294.2202,453.7904,573.9903
79.0273,82.26589,294.2201,453.7757,573.9573
79.1273,82.26578,294.2199,453.761,573.9244
79.2273,82.26573,294.2198,453.7463,573.8914
79.3273,82.26571,294.2198,453.7316,573.8586
79.4273,82.26576,294.2198,453.7169,573.8258
79.5273,82.26566,294.2197,453.7022,573.793
79.6273,82.26563,294.2197,453.6875,573.7603
79.7273,82.26553,294.2196,453.6729,573.7277
79.8273,82.26552,294.2196,453.6582,573.6951
79.9273,82.26542,294.2195,453.6436,573.6627
80.0273,82.26539,294.2195,453.6289,573.6302
80.1273,82.26531,294.2195,453.6143,573.5978
80.2273,82.26528,294.2194,453.5997,573.5655
80.3273,82.2652,294.2193,453.5851,573.5333
80.4273,82.26519,294.2193,453.5705,573.501
80.5273,82.26514,294.2193,453.5559,573.4688
80.6273,82.2651,294.2192,453.5414,573.4368
80.7273,82.26505,294.2191,453.5268,573.4047
80.8273,82.26503,294.2191,453.5123,573.3727
80.9273,82.26497,294.219,453.4978,573.3407
81.0273,82.26496,294.219,453.4832,573.3089
81.1273,82.2649,294.2189,453.4687,573.277
81.2273,82.2649,294.2189,453.4543,573.2452
81.3273,82.26484,294.2188,453.4397,573.2135
81.4273,82.26481,294.2188,453.4253,573.1818
81.5273,82.26476,294.2187,453.4108,573.1502
81.6273,82.26474,294.2187,453.3964,573.1186
81.7273,82.26468,294.2186,453.3819,573.0872
81.8273,82.26469,294.2186,453.3675,573.0557
81.9273,82.26464,294.2185,453.3531,573.0243
82.0273,82.26463,294.2184,453.3387,572.9929
82.1273,82.26456,294.2183,453.3243,572.9616
82.2273,82.26456,294.2183,453.3099,572.9304
82.3273,82.2645,294.2182,453.2956,572.8992
82.4273,82.26449,294.2182,453.2812,572.868
82.5273,82.26445,294.2181,453.2669,572.8369
82.6273,82.26444,294.2181,453.2525,572.8059
82.7273,82.26438,294.218,453.2382,572.7749
82.8273,82.26436,294.2179,453.2239,572.744
82.9273,82.2643,294.2178,453.2096,572.7131
83.0273,82.26428,294.2178,453.1954,572.6822
83.1273,82.26422,294.2177,453.1811,572.6514
83.2273,82.26421,294.2177,453.1668,572.6206
83.3273,82.26415,294.2176,453.1526,572.5899
83.4273,82.26413,294.2176,453.1384,572.5592
83.5273,82.26406,294.2175,453.1242,572.5286
83.6273,82.26405,294.2175,453.1099,572.498
83.7273,82.264,294.2174,453.0958,572.4674
83.8273,82.26398,294.2174,453.0816,572.437
83.9273,82.26393,294.2173,453.0674,572.4065
84.0273,82.26392,294.2173,453.0533,572.3762
84.1273,82.26386,294.2172,453.0391,572.3458
84.2273,82.26385,294.2172,453.025,572.3155
84.3273,82.2638,294.2171,453.0109,572.2853
84.4273,82.26379,294.2171,452.9968,572.2551
84.5273,82.26375,294.217,452.9828,572.225
84.6273,82.26375,294.217,452.9687,572.1949
84.7273,82.2637,294.2169,452.9546,572.1648
84.8273,82.2637,294.2169,452.9406,572.1349
84.9273,82.26364,294.2168,452.9266,572.1049
85.0273,82.26363,294.2168,452.9125,572.0751
85.1273,82.26359,294.2167,452.8985,572.0452
85.2273,82.26357,294.2167,452.8846,572.0154
85.3273,82.26353,294.2167,452.8706,571.9857
85.4273,82.26353,294.2167,452.8566,571.956
85.5273,82.26348,294.2166,452.8427,571.9263
85.6273,82.26347,294.2166,452.8287,571.8967
85.7273,82.26343,294.2165,452.8148,571.8672
85.8273,82.26341,294.2165,452.8009,571.8377
85.9273,82.26335,294.2165,452.787,571.8082
86.0273,82.26336,294.2165,452.7731,571.7788
86.1273,82.26331,294.2164,452.7593,571.7495
86.2273,82.2633,294.2164,452.7454,571.7202
86.3273,82.26324,294.2164,452.7316,571.6909
86.4273,82.26323,294.2164,452.7178,571.6616
86.5273,82.26319,294.2163,452.7039,571.6325
86.6273,82.26318,294.2163,452.6902,571.6033
86.7273,82.26313,294.2163,452.6764,571.5743
86.8273,82.26313,294.2163,452.6626,571.5452
86.9273,82.26308,294.2162,452.6488,571.5162
87.0273,82.26308,294.2162,452.6351,571.4873
87.1273,82.26303,294.2162,452.6214,571.4584
87.2273,82.26303,294.2162,452.6077,571.4296
87.3273,82.26297,294.2162,452.594,571.4008
87.4273,82.26299,294.2162,452.5803,571.372
87.5273,82.26295,294.2161,452.5666,571.3432
87.6273,82.26295,294.2161,452.5529,571.3146
87.7273,82.26291,294.2161,452.5393,571.2859
87.8273,82.26292,294.2161,452.5257,571.2574
87.9273,82.26287,294.216,452.512,571.2288
88.0273,82.26288,294.2161,452.4984,571.2003
88.1273,82.26285,294.216,452.4848,571.1719
88.2273,82.26284,294.216,452.4713,571.1435
88.3273,82.2628,294.216,452.4577,571.115
88.4273,82.2628,294.216,452.4442,571.0868
88.5273,82.26276,294.216,452.4306,571.0585
88.6273,82.26276,294.216,452.4171,571.0302
88.7273,82.2627,294.216,452.4036,571.002
88.8273,82.26272,294.216,452.3901,570.9738
88.9273,82.26267,294.216,452.3766,570.9457
89.0273,82.26251,294.2165,452.3631,570.9176
89.1273,82.2617,294.2183,452.3497,570.8894
89.2273,82.26006,294.222,452.3363,570.8613
89.3273,82.25741,294.2275,452.3228,570.8331
89.4273,82.25378,294.2349,452.3094,570.8048
89.5273,82.24918,294.2439,452.296,570.7764
89.6273,82.24374,294.2546,452.2826,570.7478
89.7273,82.23749,294.2666,452.2693,570.7191
89.8273,82.23059,294.2799,452.2559,570.6904
89.9273,82.22308,294.2943,452.2425,570.6615
90.0273,82.21513,294.3097,452.2292,570.6325
90.1273,82.20673,294.326,452.2158,570.6034
90.2273,82.19804,294.3431,452.2024,570.5743
90.3273,82.18907,294.3609,452.1891,570.545
90.4273,82.17994,294.3793,452.1757,570.5157
90.5273,82.17063,294.3982,452.1623,570.4865
90.6273,82.16126,294.4176,452.1489,570.4572
90.7273,82.15181,294.4374,452.1355,570.4277
90.8273,82.14236,294.4576,452.1221,570.3984
90.9273,82.13289,294.4781,452.1086,570.3689
91.0273,82.12349,294.4989,452.0952,570.3395
91.1273,82.11407,294.5199,452.0817,570.3101
91.2273,82.10475,294.5412,452.0682,570.2807
91.3273,82.09547,294.5626,452.0547,570.2513
91.4273,82.08631,294.5842,452.0412,570.2219
91.5273,82.07716,294.6059,452.0277,570.1925
91.6273,82.06817,294.6278,452.0142,570.1631
91.7273,82.0592,294.6498,452.0006,570.1337
91.8273,82.05036,294.6719,451.987,570.1044
91.9273,82.04156,294.694,451.9734,570.075
92.0273,82.03288,294.7163,451.9598,570.0457
92.1273,82.02426,294.7385,451.9462,570.0164
92.2273,82.01574,294.7609,451.9325,569.9872
92.3273,82.00727,294.7833,451.9188,569.9579
92.4273,81.99891,294.8058,451.9051,569.9287
92.5273,81.99057,294.8282,451.8914,569.8994
92.6273,81.98233,294.8507,451.8777,569.8703
92.7273,81.97413,294.8732,451.8639,569.8412
92.8273,81.96601,294.8958,451.8502,569.812
92.9273,81.9579,294.9184,451.8364,569.783
93.0273,81.9499,294.941,451.8226,569.754
93.1273,81.94189,294.9636,451.8087,569.725
93.2273,81.93397,294.9862,451.7949,569.696
93.3273,81.92604,295.0088,451.781,569.6672
93.4273,81.91819,295.0315,451.7672,569.6383
93.5273,81.91034,295.0541,451.7533,569.6095
93.6273,81.90255,295.0768,451.7393,569.5808
93.7273,81.89476,295.0994,451.7254,569.5521
93.8273,81.88703,295.1221,451.7115,569.5234
93.9273,81.87928,295.1447,451.6975,569.4948
94.0273,81.87158,295.1674,451.6835,569.4662
94.1273,81.86386,295.1901,451.6695,569.4377
94.2273,81.85621,295.2128,451.6555,569.4092
94.3273,81.84853,295.2354,451.6415,569.3808
94.4273,81.84091,295.2581,451.6275,569.3525
94.5273,81.83324,295.2808,451.6134,569.3242
94.6273,81.82563,295.3035,451.5993,569.2959
94.7273,81.81799,295.3262,451.5853,569.2677
94.8273,81.8104,295.3489,451.5712,569.2396
94.9273,81.80278,295.3715,451.5571,569.2114
95.0273,81.7952,295.3942,451.543,569.1833
95.1273,81.7876,295.4169,451.5288,569.1553
95.2273,81.78003,295.4396,451.5147,569.1274
95.3273,81.77243,295.4623,451.5005,569.0995
95.4273,81.76489,295.485,451.4864,569.0717
95.5273,81.7573,295.5076,451.4722,569.0438
95.6273,81.74976,295.5303,451.4581,569.016
95.7273,81.74218,295.553,451.4439,568.9884
95.8273,81.73465,295.5757,451.4297,568.9607
95.9273,81.72709,295.5983,451.4155,568.933
96.0273,81.71956,295.621,451.4013,568.9055
96.1273,81.712,295.6437,451.3871,568.878
96.2273,81.70448,295.6664,451.3728,568.8505
96.3273,81.69694,295.689,451.3586,568.8232
96.4273,81.68943,295.7117,451.3444,568.7959
96.5273,81.68188,295.7343,451.3301,568.7686
96.6273,81.67438,295.757,451.3159,568.7415
96.7273,81.66683,295.7796,451.3016,568.7144
96.8273,81.65932,295.8023,451.2874,568.6873
96.9273,81.65177,295.825,451.2731,568.6603
97.0273,81.64427,295.8477,451.2588,568.6334
97.1273,81.63673,295.8703,451.2446,568.6065
97.2273,81.62923,295.893,451.2303,568.5796
97.3273,81.62169,295.9156,451.216,568.5528
97.4273,81.61418,295.9383,451.2017,568.5261
97.5273,81.60664,295.9609,451.1874,568.4993
97.6273,81.59913,295.9836,451.1732,568.4727
97.7273,81.59158,296.0062,451.1589,568.446
97.8273,81.58407,296.0289,451.1446,568.4195
97.9273,81.57653,296.0515,451.1303,568.393
98.0273,81.56902,296.0742,451.116,568.3665
98.1273,81.56147,296.0968,451.1017,568.3401
98.2273,81.55396,296.1195,451.0874,568.3137
98.3273,81.54641,296.1421,451.0731,568.2874
98.4273,81.5389,296.1648,451.0588,568.2611
98.5273,81.53136,296.1874,451.0445,568.2349
98.6273,81.52386,296.2101,451.0302,568.2087
98.7273,81.51633,296.2327,451.0159,568.1826
98.8273,81.50884,296.2553,451.0016,568.1565
98.9273,81.50131,296.2779,450.9873,568.1304
99.0273,81.49382,296.3006,450.973,568.1044
99.1273,81.48629,296.3232,450.9587,568.0785
99.2273,81.4788,296.3458,450.9444,568.0525
99.3273,81.47128,296.3684,450.9301,568.0266
99.4273,81.4638,296.3911,450.9158,568.0008
99.5273,81.45628,296.4136,450.9015,567.9749
99.6273,81.44879,296.4363,450.8872,567.9492
99.7273,81.44127,296.4589,450.873,567.9235
99.8273,81.43378,296.4815,450.8587,567.8978
99.9273,81.42625,296.5041,450.8444,567.8722
100.0273,81.41877,296.5268,450.8301,567.8467
100.1273,81.41125,296.5493,450.8158,567.8212
100.2273,81.40376,296.572,450.8016,567.7957
100.3273,81.39623,296.5946,450.7873,567.7703
100.4273,81.38873,296.6172,450.773,567.7449
100.5273,81.38121,296.6398,450.7588,567.7195
100.6273,81.37371,296.6624,450.7445,567.6942
100.7273,81.36618,296.685,450.7303,567.669
100.8273,81.35869,296.7077,450.716,567.6438
100.9273,81.35116,296.7302,450.7018,567.6186
101.0273,81.34367,296.7529,450.6876,567.5935
101.1273,81.33615,296.7754,450.6733,567.5684
101.2273,81.32865,296.798,450.6591,567.5434
101.3273,81.32113,296.8206,450.6449,567.5184
101.4273,81.31364,296.8433,450.6307,567.4935
101.5273,81.30613,296.8658,450.6165,567.4686
101.6273,81.29864,296.8884,450.6022,567.4438
101.7273,81.29112,296.911,450.588,567.419
101.8273,81.28364,296.9336,450.5739,567.3942
101.9273,81.27613,296.9562,450.5597,567.3695
102.0273,81.26865,296.9788,450.5455,567.3448
102.1273,81.26114,297.0013,450.5313,567.3201
102.2273,81.25368,297.0239,450.5171,567.2955
102.3273,81.24617,297.0465,450.503,567.271
102.4273,81.23871,297.0691,450.4888,567.2465
102.5273,81.2312,297.0916,450.4747,567.222
102.6273,81.22373,297.1142,450.4605,567.1976
102.7273,81.21623,297.1367,450.4464,567.1733
102.8273,81.20876,297.1594,450.4323,567.1489
102.9273,81.20126,297.1819,450.4182,567.1246
103.0273,81.19379,297.2045,450.404,567.1004
103.1273,81.18627,297.227,450.3899,567.0762
103.2273,81.1788,297.2496,450.3758,567.052
103.3273,81.17129,297.2722,450.3617,567.0279
103.4273,81.16381,297.2948,450.3477,567.0039
103.5273,81.15629,297.3173,450.3336,566.9798
103.6273,81.14881,297.3399,450.3195,566.9558
103.7273,81.14129,297.3624,450.3054,566.9319
103.8273,81.1338,297.385,450.2914,566.908
103.9273,81.12628,297.4075,450.2774,566.8842
104.0273,81.11881,297.4301,450.2633,566.8604
104.1273,81.11129,297.4527,450.2493,566.8365
104.2273,81.10382,297.4752,450.2353,566.8128
104.3273,81.09632,297.4978,450.2213,566.7891
104.4273,81.08885,297.5203,450.2073,566.7655
104.5273,81.08135,297.5429,450.1933,566.7419
104.6273,81.07389,297.5654,450.1793,566.7183
104.7273,81.06639,297.5879,450.1653,566.6948
104.8273,81.05893,297.6105,450.1514,566.6713
104.9273,81.05144,297.633,450.1374,566.6479
105.0273,81.04399,297.6556,450.1235,566.6246
105.1273,81.03649,297.6781,450.1096,566.6012
105.2273,81.02903,297.7006,450.0956,566.5779
105.3273,81.02154,297.7231,450.0817,566.5546
105.4273,81.01409,297.7457,450.0678,566.5314
105.5273,81.0066,297.7682,450.0539,566.5082
105.6273,80.99915,297.7907,450.04,566.4851
105.7273,80.99166,297.8132,450.0261,566.4619
105.8273,80.98421,297.8358,450.0123,566.4389
105.9273,80.97672,297.8583,449.9984,566.4159
106.0273,80.96926,297.8808,449.9846,566.3929
106.1273,80.96176,297.9033,449.9707,566.37
106.2273,80.95431,297.9259,449.9569,566.347
106.3273,80.94681,297.9484,449.9431,566.3242
106.4273,80.93935,297.9709,449.9293,566.3014
106.5273,80.93186,297.9934,449.9155,566.2786
106.6273,80.9244,298.016,449.9017,566.2559
106.7273,80.9169,298.0384,449.888,566.2332
106.8273,80.90945,298.061,449.8742,566.2105
106.9273,80.90195,298.0835,449.8604,566.1879
107.0273,80.8945,298.106,449.8467,566.1654
107.1273,80.88701,298.1285,449.833,566.1428
107.2273,80.87956,298.151,449.8193,566.1203
107.3273,80.87208,298.1735,449.8055,566.0979
107.4273,80.86464,298.1961,449.7919,566.0755
107.5273,80.85716,298.2185,449.7782,566.0531
107.6273,80.84972,298.241,449.7645,566.0308
107.7273,80.84223,298.2635,449.7508,566.0085
107.8273,80.83479,298.286,449.7372,565.9863
107.9273,80.82732,298.3085,449.7235,565.9641
108.0273,80.81987,298.331,449.7099,565.9419
108.1273,80.81241,298.3535,449.6963,565.9198
108.2273,80.80497,298.376,449.6827,565.8977
108.3273,80.7975,298.3984,449.6691,565.8757
108.4273,80.79007,298.4209,449.6555,565.8537
108.5273,80.7826,298.4434,449.6419,565.8317
108.6273,80.77517,298.4659,449.6284,565.8098
108.7273,80.76769,298.4884,449.6148,565.7879
108.8273,80.76026,298.5109,449.6013,565.7661
108.9273,80.75278,298.5333,449.5878,565.7444
109.0273,80.74534,298.5558,449.5742,565.7226
109.1273,80.73788,298.5783,449.5608,565.7009
109.2273,80.73044,298.6008,449.5473,565.6793
109.3273,80.72297,298.6233,449.5338,565.6577
109.4273,80.71553,298.6458,449.5203,565.6361
109.5273,80.70805,298.6682,449.5069,565.6146
109.6273,80.70061,298.6907,449.4934,565.5931
109.7273,80.69314,298.7132,449.48,565.5716
109.8273,80.6857,298.7357,449.4666,565.5503
109.9273,80.67824,298.7581,449.4532,565.5289
110.0273,80.6708,298.7806,449.4398,565.5075
110.1273,80.66333,298.803,449.4264,565.4862
110.2273,80.65591,298.8255,449.413,565.465
110.3273,80.64844,298.8479,449.3997,565.4438
110.4273,80.64101,298.8704,449.3863,565.4226
110.5273,80.63356,298.8929,449.373,565.4015
110.6273,80.62613,298.9153,449.3597,565.3805
110.7273,80.61867,298.9377,449.3464,565.3594
110.8273,80.61126,298.9602,449.3331,565.3383
110.9273,80.6038,298.9826,449.3198,565.3174
111.0273,80.59638,299.0051,449.3065,565.2964
111.1273,80.58894,299.0276,449.2933,565.2755
111.2273,80.58152,299.05,449.2801,565.2547
111.3273,80.57406,299.0724,449.2668,565.2338
111.4273,80.56664,299.0949,449.2536,565.2131
111.5273,80.5592,299.1173,449.2404,565.1923
111.6273,80.55178,299.1398,449.2272,565.1716
111.7273,80.54434,299.1622,449.214,565.151
111.8273,80.53693,299.1847,449.2008,565.1303
111.9273,80.52948,299.2071,449.1877,565.1097
112.0273,80.52206,299.2295,449.1746,565.0892
112.1273,80.51461,299.2519,449.1614,565.0686
112.2273,80.5072,299.2744,449.1483,565.0481
112.3273,80.49974,299.2968,449.1352,565.0277
112.4273,80.49233,299.3193,449.1221,565.0073
112.5273,80.48487,299.3417,449.1091,564.987
112.6273,80.47745,299.3641,449.096,564.9666
112.7273,80.46999,299.3865,449.0829,564.9464
112.8273,80.46257,299.409,449.0699,564.9261
112.9273,80.45511,299.4314,449.0569,564.9059
113.0273,80.4477,299.4538,449.0439,564.8857
113.1273,80.44025,299.4762,449.0309,564.8656
113.2273,80.43286,299.4987,449.0179,564.8454
113.3273,80.42542,299.5211,449.0049,564.8254
113.4273,80.41801,299.5435,448.992,564.8054
113.5273,80.41058,299.5659,448.979,564.7854
113.6273,80.40318,299.5883,448.9661,564.7654
113.7273,80.39574,299.6107,448.9532,564.7456
113.8273,80.38834,299.6331,448.9403,564.7257
113.9273,80.38091,299.6555,448.9274,564.7058
114.0273,80.37352,299.6779,448.9145,564.686
114.1273,80.36609,299.7003,448.9016,564.6663
114.2273,80.35869,299.7227,448.8888,564.6465
114.3273,80.35127,299.7451,448.8759,564.6267
114.4273,80.34388,299.7675,448.8631,564.607
114.5273,80.33645,299.7899,448.8503,564.5873
114.6273,80.32906,299.8123,448.8375,564.5677
114.7273,80.32163,299.8347,448.8247,564.5481
114.8273,80.31424,299.8571,448.812,564.5285
114.9273,80.30681,299.8795,448.7992,564.5089
115.0273,80.29942,299.9019,448.7865,564.4894
115.1273,80.29198,299.9243,448.7737,564.4699
115.2273,80.28458,299.9467,448.761,564.4505
115.3273,80.27714,299.969,448.7483,564.4311
115.4273,80.26974,299.9915,448.7356,564.4117
115.5273,80.26229,300.0138,448.7229,564.3924
115.6273,80.2549,300.0362,448.7103,564.3731
115.7273,80.24747,300.0586,448.6976,564.3538
115.8273,80.24007,300.081,448.685,564.3346
115.9273,80.23264,300.1033,448.6724,564.3154
116.0273,80.22525,300.1258,448.6598,564.2963
116.1273,80.21783,300.1481,448.6472,564.2771
116.2273,80.21044,300.1705,448.6346,564.2581
116.3273,80.20302,300.1928,448.622,564.239
116.4273,80.19564,300.2153,448.6095,564.22
116.5273,80.18822,300.2376,448.5969,564.201
116.6273,80.18085,300.26,448.5844,564.1821
116.7273,80.17344,300.2823,448.5719,564.1633
116.8273,80.16607,300.3047,448.5594,564.1444
116.9273,80.15866,300.327,448.5469,564.1256
117.0273,80.15128,300.3494,448.5345,564.1068
117.1273,80.14387,300.3717,448.522,564.088
117.2273,80.13649,300.3941,448.5096,564.0693
117.3273,80.12909,300.4165,448.4971,564.0506
117.4273,80.12171,300.4389,448.4847,564.032
117.5273,80.1143,300.4612,448.4723,564.0134
117.6273,80.10693,300.4836,448.4599,563.9948
117.7273,80.09951,300.5059,448.4476,563.9762
117.8273,80.09214,300.5282,448.4352,563.9577
117.9273,80.08473,300.5506,448.4229,563.9393
118.0273,80.07736,300.573,448.4105,563.9208
118.1273,80.06994,300.5953,448.3982,563.9024
118.2273,80.06256,300.6177,448.3859,563.884
118.3273,80.05514,300.64,448.3737,563.8657
118.4273,80.04778,300.6624,448.3614,563.8474
118.5273,80.04036,300.6847,448.3491,563.8291
118.6273,80.03299,300.7071,448.3369,563.8108
118.7273,80.02557,300.7294,448.3247,563.7927
118.8273,80.01821,300.7517,448.3124,563.7745
118.9273,80.0108,300.774,448.3002,563.7564
119.0273,80.00343,300.7964,448.2881,563.7383
119.1273,79.99602,300.8187,448.2759,563.7202
119.2273,79.98865,300.8411,448.2637,563.7022
119.3273,79.98126,300.8634,448.2516,563.6842
119.4273,79.97391,300.8857,448.2395,563.6662
119.5273,79.96651,300.908,448.2273,563.6483
119.6273,79.95915,300.9304,448.2152,563.6304
119.7273,79.95176,300.9527,448.2032,563.6126
119.8273,79.94441,300.975,448.1911,563.5948
119.9273,79.93701,300.9973,448.179,563.577
120.0273,79.92965,301.0196,448.167,563.5592
120.1273,79.92225,301.0419,448.1549,563.5415
120.2273,79.9149,301.0643,448.1429,563.5238
120.3273,79.90751,301.0865,448.1309,563.5062
120.4273,79.90017,301.1089,448.119,563.4886
120.5273,79.89277,301.1312,448.107,563.4711
120.6273,79.88542,301.1535,448.095,563.4535
120.7273,79.87801,301.1758,448.0831,563.436
120.8273,79.87067,301.1981,448.0711,563.4185
120.9273,79.86327,301.2204,448.0592,563.4011
121.0273,79.85592,301.2427,448.0473,563.3837
121.1273,79.84853,301.265,448.0354,563.3664
121.2273,79.84117,301.2874,448.0235,563.349
121.3273,79.83377,301.3096,448.0117,563.3317
121.4273,79.82643,301.332,447.9998,563.3144
121.5273,79.81904,301.3543,447.988,563.2972
121.6273,79.81169,301.3766,447.9762,563.28
121.7273,79.80429,301.3989,447.9644,563.2629
121.8273,79.79695,301.4212,447.9526,563.2457
121.9273,79.78957,301.4435,447.9408,563.2286
122.0273,79.78222,301.4658,447.929,563.2116
122.1273,79.77483,301.488,447.9173,563.1946
122.2273,79.76749,301.5103,447.9056,563.1776
122.3273,79.76011,301.5326,447.8938,563.1606
122.4273,79.75276,301.5549,447.8821,563.1437
122.5273,79.74538,301.5772,447.8704,563.1268
122.6273,79.73804,301.5995,447.8588,563.1099
122.7273,79.73066,301.6217,447.8471,563.0931
122.8273,79.72334,301.644,447.8355,563.0764
122.9273,79.71596,301.6663,447.8238,563.0596
123.0273,79.70863,301.6886,447.8122,563.0429
123.1273,79.70126,301.7108,447.8006,563.0262
123.2273,79.69393,301.7331,447.789,563.0095
123.3273,79.68656,301.7554,447.7774,562.9929
123.4273,79.67924,301.7777,447.7658,562.9763
123.5273,79.67187,301.7999,447.7543,562.9598
123.6273,79.66453,301.8222,447.7428,562.9433
123.7273,79.65716,301.8445,447.7312,562.9268
123.8273,79.64983,301.8668,447.7197,562.9103
123.9273,79.64245,301.889,447.7082,562.8939
124.0273,79.6351,301.9113,447.6967,562.8775
124.1273,79.62773,301.9335,447.6853,562.8611
124.2273,79.62039,301.9558,447.6738,562.8448
124.3273,79.61301,301.9781,447.6624,562.8286
124.4273,79.60567,302.0003,447.651,562.8123
124.5273,79.59829,302.0226,447.6395,562.7961
124.6273,79.59095,302.0449,447.6281,562.7799
124.7273,79.58357,302.0671,447.6167,562.7637
124.8273,79.57624,302.0894,447.6054,562.7476
124.9273,79.56887,302.1116,447.594,562.7315
125.0273,79.56155,302.1339,447.5827,562.7155
125.1273,79.55419,302.1561,447.5713,562.6994
125.2273,79.54687,302.1784,447.5601,562.6835
125.3273,79.53951,302.2006,447.5487,562.6675
125.4273,79.5322,302.2229,447.5375,562.6516
125.5273,79.52485,302.2451,447.5262,562.6357
125.6273,79.51754,302.2673,447.5149,562.6199
125.7273,79.51019,302.2895,447.5037,562.604
125.8273,79.50288,302.3118,447.4925,562.5883
125.9273,79.49552,302.334,447.4812,562.5726
126.0273,79.48822,302.3563,447.47,562.5568
126.1273,79.48086,302.3785,447.4588,562.5412
126.2273,79.47355,302.4007,447.4477,562.5256
126.3273,79.46619,302.4229,447.4365,562.51
126.4273,79.45887,302.4452,447.4254,562.4945
126.5273,79.45152,302.4674,447.4142,562.479
126.6273,79.44421,302.4897,447.4031,562.4636
126.7273,79.43685,302.5119,447.392,562.4481
126.8273,79.42953,302.5341,447.3809,562.4327
126.9273,79.42216,302.5563,447.3699,562.4174
127.0273,79.41483,302.5786,447.3588,562.4021
127.1273,79.40748,302.6008,447.3478,562.3867
127.2273,79.40016,302.623,447.3367,562.3715
127.3273,79.3928,302.6452,447.3257,562.3562
127.4273,79.38549,302.6675,447.3147,562.341
127.5273,79.37814,302.6897,447.3037,562.3258
127.6273,79.37082,302.7119,447.2927,562.3107
127.7273,79.36346,302.7341,447.2817,562.2956
127.8273,79.35616,302.7563,447.2708,562.2805
127.9273,79.34881,302.7785,447.2598,562.2655
128.0273,79.34152,302.8008,447.2489,562.2505
128.1273,79.33416,302.8229,447.238,562.2355
128.2273,79.32686,302.8452,447.2271,562.2205
128.3273,79.31952,302.8673,447.2162,562.2056
128.4273,79.31223,302.8896,447.2054,562.1908
128.5273,79.30488,302.9117,447.1945,562.1758
128.6273,79.29759,302.934,447.1837,562.1611
128.7273,79.29024,302.9561,447.1728,562.1463
128.8273,79.28296,302.9784,447.162,562.1315
128.9273,79.27562,303.0005,447.1512,562.1168
129.0273,79.26835,303.0228,447.1404,562.1021
129.1273,79.26101,303.0449,447.1297,562.0874
129.2273,79.25373,303.0671,447.1189,562.0728
129.3273,79.24638,303.0893,447.1082,562.0581
129.4273,79.23908,303.1115,447.0974,562.0435
129.5273,79.23172,303.1337,447.0867,562.029
129.6273,79.22444,303.1559,447.076,562.0145
129.7273,79.21708,303.178,447.0653,562.0
129.8273,79.20978,303.2003,447.0546,561.9855
129.9273,79.20242,303.2224,447.044,561.9712
130.0273,79.19514,303.2447,447.0333,561.9568
130.1273,79.18779,303.2668,447.0227,561.9424
130.2273,79.18049,303.289,447.012,561.9281
130.3273,79.17315,303.3112,447.0014,561.9139
130.4273,79.16587,303.3334,446.9908,561.8996
130.5273,79.15853,303.3555,446.9803,561.8854
130.6273,79.15124,303.3777,446.9697,561.8712
130.7273,79.14389,303.3999,446.9591,561.857
130.8273,79.13662,303.4221,446.9486,561.8429
130.9273,79.12928,303.4442,446.9381,561.8288
131.0273,79.122,303.4664,446.9276,561.8147
131.1273,79.11466,303.4886,446.917,561.8007
131.2273,79.1074,303.5108,446.9066,561.7867
131.3273,79.10006,303.5329,446.8961,561.7727
131.4273,79.09278,303.5551,446.8856,561.7588
131.5273,79.08545,303.5772,446.8752,561.7449
131.6273,79.07818,303.5994,446.8648,561.731
131.7273,79.07087,303.6215,446.8543,561.7171
131.8273,79.06359,303.6437,446.8439,561.7033
131.9273,79.05626,303.6658,446.8335,561.6895
132.0273,79.04899,303.688,446.8232,561.6757
132.1273,79.04166,303.7101,446.8128,561.662
132.2273,79.03439,303.7323,446.8024,561.6483
132.3273,79.02706,303.7544,446.7921,561.6346
132.4273,79.01978,303.7766,446.7818,561.621
132.5273,79.01244,303.7987,446.7715,561.6073
132.6273,79.00518,303.8209,446.7612,561.5938
132.7273,78.99785,303.843,446.7509,561.5802
132.8273,78.99057,303.8652,446.7406,561.5666
132.9273,78.98324,303.8873,446.7303,561.5531
133.0273,78.97596,303.9095,446.7201,561.5397
133.1273,78.96863,303.9316,446.7099,561.5263
133.2273,78.96137,303.9538,446.6997,561.5129
133.3273,78.95404,303.9759,446.6895,561.4995
133.4273,78.94677,303.9981,446.6793,561.4861
133.5273,78.93943,304.0202,446.6691,561.4728
133.6273,78.93217,304.0424,446.6589,561.4596
133.7273,78.92485,304.0645,446.6488,561.4463
133.8273,78.91757,304.0866,446.6387,561.433
133.9273,78.91025,304.1087,446.6285,561.4199
134.0273,78.90299,304.1309,446.6184,561.4067
134.1273,78.89568,304.153,446.6083,561.3936
134.2273,78.88842,304.1751,446.5982,561.3804
134.3273,78.88111,304.1972,446.5882,561.3673
134.4273,78.87384,304.2194,446.5781,561.3542
134.5273,78.86652,304.2415,446.5681,561.3412
134.6273,78.85928,304.2636,446.5581,561.3282
134.7273,78.85196,304.2857,446.548,561.3152
134.8273,78.84471,304.3078,446.538,561.3022
134.9273,78.8374,304.3299,446.528,561.2893
135.0273,78.83015,304.3521,446.5181,561.2764
135.1273,78.82284,304.3741,446.5081,561.2635
135.2273,78.81559,304.3963,446.4982,561.2507
135.3273,78.80827,304.4184,446.4882,561.2379
135.4273,78.80101,304.4405,446.4783,561.225
135.5273,78.7937,304.4626,446.4684,561.2123
135.6273,78.78644,304.4848,446.4585,561.1995
135.7273,78.77914,304.5068,446.4486,561.1869
135.8273,78.77187,304.529,446.4387,561.1742
135.9273,78.76455,304.551,446.4289,561.1616
136.0273,78.75728,304.5732,446.419,561.149
136.1273,78.74998,304.5953,446.4092,561.1363
136.2273,78.74271,304.6174,446.3994,561.1238
136.3273,78.73539,304.6395,446.3896,561.1112
136.4273,78.72813,304.6616,446.3798,561.0988
136.5273,78.72082,304.6837,446.37,561.0863
136.6273,78.71356,304.7058,446.3603,561.0739
136.7273,78.70626,304.7279,446.3505,561.0615
136.8273,78.69901,304.75,446.3408,561.0491
136.9273,78.69171,304.772,446.331,561.0367
137.0273,78.68445,304.7942,446.3213,561.0244
137.1273,78.67716,304.8162,446.3116,561.0121
137.2273,78.6699,304.8383,446.3019,560.9998
137.3273,78.66262,304.8604,446.2923,560.9876
137.4273,78.65538,304.8825,446.2826,560.9754
137.5273,78.6481,304.9045,446.273,560.9632
137.6273,78.64085,304.9267,446.2633,560.9511
137.7273,78.63356,304.9487,446.2537,560.9389
137.8273,78.62631,304.9708,446.2441,560.9268
137.9273,78.61903,304.9929,446.2345,560.9148
138.0273,78.61179,305.015,446.2249,560.9027
138.1273,78.6045,305.037,446.2154,560.8907
138.2273,78.59724,305.0591,446.2058,560.8787
138.3273,78.58995,305.0811,446.1963,560.8668
138.4273,78.5827,305.1033,446.1867,560.8548
138.5273,78.5754,305.1253,446.1772,560.8429
138.6273,78.56814,305.1474,446.1677,560.831
138.7273,78.56085,305.1694,446.1582,560.8192
138.8273,78.55359,305.1916,446.1487,560.8074
138.9273,78.5463,305.2136,446.1393,560.7956
139.0273,78.5392,305.2352,446.1298,560.7838
139.1273,78.53268,305.2553,446.1204,560.7722
139.2273,78.5271,305.2737,446.111,560.7605
139.3273,78.52245,305.2902,446.1015,560.749
139.4273,78.51885,305.3049,446.0922,560.7376
139.5273,78.51614,305.3178,446.0828,560.7264
139.6273,78.51432,305.3293,446.0734,560.7153
139.7273,78.51323,305.3394,446.064,560.7045
139.8273,78.51285,305.3483,446.0547,560.6938
139.9273,78.51299,305.3561,446.0454,560.6833
140.0273,78.51362,305.363,446.0361,560.6729
140.1273,78.51461,305.3689,446.0268,560.6627
140.2273,78.51593,305.3742,446.0176,560.6526
140.3273,78.51745,305.3788,446.0084,560.6426
140.4273,78.51917,305.3828,445.9992,560.6327
140.5273,78.52099,305.3862,445.99,560.623
140.6273,78.52291,305.3893,445.9809,560.6133
140.7273,78.52484,305.392,445.9718,560.6036
140.8273,78.52682,305.3943,445.9628,560.5941
140.9273,78.52874,305.3963,445.9538,560.5847
141.0273,78.53065,305.3981,445.9449,560.5754
141.1273,78.53248,305.3996,445.9359,560.5661
141.2273,78.53428,305.401,445.927,560.5569
141.3273,78.53597,305.4021,445.9182,560.5478
141.4273,78.53761,305.4032,445.9094,560.5387
141.5273,78.53913,305.404,445.9006,560.5296
141.6273,78.54059,305.4048,445.8919,560.5207
141.7273,78.54193,305.4055,445.8832,560.5117
141.8273,78.54322,305.4061,445.8745,560.5028
141.9273,78.54439,305.4066,445.866,560.494
142.0273,78.54552,305.4071,445.8574,560.4851
142.1273,78.5465,305.4074,445.8489,560.4763
142.2273,78.54747,305.4078,445.8404,560.4676
142.3273,78.54832,305.4081,445.8319,560.4588
142.4273,78.54913,305.4084,445.8235,560.4502
142.5273,78.54985,305.4086,445.8152,560.4416
142.6273,78.55055,305.4089,445.8069,560.4329
142.7273,78.55115,305.409,445.7986,560.4243
142.8273,78.55174,305.4092,445.7904,560.4157
142.9273,78.55223,305.4093,445.7822,560.4072
143.0273,78.55272,305.4095,445.774,560.3986
143.1273,78.55312,305.4096,445.7659,560.3902
143.2273,78.55352,305.4097,445.7579,560.3817
143.3273,78.55384,305.4098,445.7498,560.3732
143.4273,78.55417,305.4099,445.7418,560.3647
143.5273,78.55444,305.41,445.7339,560.3563
143.6273,78.55471,305.4101,445.726,560.3479
143.7273,78.55493,305.4101,445.7181,560.3395
143.8273,78.55516,305.4102,445.7103,560.3311
143.9273,78.55532,305.4102,445.7025,560.3227
144.0273,78.5555,305.4103,445.6947,560.3144
144.1273,78.55563,305.4103,445.687,560.3061
144.2273,78.55577,305.4105,445.6793,560.2977
144.3273,78.55588,305.4105,445.6716,560.2894
144.4273,78.55601,305.4106,445.664,560.2811
144.5273,78.55609,305.4106,445.6564,560.2728
144.6273,78.55618,305.4107,445.6489,560.2646
144.7273,78.55624,305.4107,445.6413,560.2563
144.8273,78.55633,305.4108,445.6339,560.248
144.9273,78.55635,305.4108,445.6264,560.2398
145.0273,78.55642,305.4109,445.619,560.2316
145.1273,78.55644,305.4109,445.6116,560.2234
145.2273,78.5565,305.411,445.6043,560.2152
145.3273,78.55651,305.411,445.597,560.207
145.4273,78.55658,305.4111,445.5897,560.1988
145.5273,78.55658,305.4111,445.5824,560.1906
145.6273,78.55663,305.4112,445.5752,560.1825
145.7273,78.55663,305.4112,445.568,560.1744
145.8273,78.55667,305.4113,445.5608,560.1662
145.9273,78.55667,305.4113,445.5537,560.1581
146.0273,78.55671,305.4114,445.5465,560.15
146.1273,78.55671,305.4114,445.5394,560.1419
146.2273,78.55676,305.4115,445.5324,560.1339
146.3273,78.55676,305.4115,445.5254,560.1258
146.4273,78.55679,305.4115,445.5184,560.1177
146.5273,78.55678,305.4115,445.5114,560.1097
146.6273,78.55682,305.4116,445.5045,560.1017
146.7273,78.55681,305.4116,445.4975,560.0937
146.8273,78.55685,305.4117,445.4907,560.0857
146.9273,78.55684,305.4117,445.4838,560.0777
147.0273,78.55687,305.4118,445.4769,560.0697
147.1273,78.55685,305.4118,445.4701,560.0617
147.2273,78.55687,305.4119,445.4633,560.0538
147.3273,78.55686,305.4119,445.4565,560.0458
147.4273,78.55688,305.412,445.4498,560.0379
147.5273,78.55686,305.412,445.4431,560.03
147.6273,78.55688,305.4121,445.4364,560.0221
147.7273,78.55687,305.4121,445.4297,560.0142
147.8273,78.55689,305.4122,445.423,560.0064
147.9273,78.55687,305.4122,445.4164,559.9985
148.0273,78.5569,305.4123,445.4098,559.9906
148.1273,78.55688,305.4123,445.4032,559.9828
148.2273,78.55689,305.4124,445.3967,559.975
148.3273,78.55687,305.4124,445.3901,559.9672
148.4273,78.5569,305.4125,445.3836,559.9594
148.5273,78.55689,305.4125,445.3771,559.9516
148.6273,78.55693,305.4126,445.3706,559.9439
148.7273,78.55692,305.4126,445.3641,559.9362
148.8273,78.55695,305.4127,445.3577,559.9285
148.9273,78.55693,305.4127,445.3513,559.9207
149.0273,78.55696,305.4128,445.3449,559.913
149.1273,78.55695,305.4128,445.3385,559.9053
149.2273,78.55698,305.4129,445.3322,559.8977
149.3273,78.55697,305.4129,445.3258,559.89
149.4273,78.55701,305.413,445.3195,559.8823
149.5273,78.557,305.413,445.3132,559.8747
149.6273,78.55703,305.4131,445.3069,559.8671
149.7273,78.55702,305.4131,445.3007,559.8595
149.8273,78.55705,305.4133,445.2944,559.8519
149.9273,78.55704,305.4133,445.2882,559.8443
150.0273,78.55707,305.4133,445.282,559.8367
150.1273,78.55705,305.4134,445.2758,559.8292
150.2273,78.55707,305.4134,445.2696,559.8216
150.3273,78.55705,305.4135,445.2634,559.8141
150.4273,78.55708,305.4136,445.2573,559.8067
150.5273,78.55705,305.4136,445.2512,559.7991
150.6273,78.55707,305.4137,445.2451,559.7917
150.7273,78.55705,305.4137,445.239,559.7842
150.8273,78.55708,305.4138,445.2329,559.7767
150.9273,78.55707,305.4138,445.2268,559.7694
151.0273,78.55709,305.4139,445.2208,559.7619
151.1273,78.55707,305.4139,445.2148,559.7545
151.2273,78.55709,305.414,445.2088,559.7471
151.3273,78.55707,305.4141,445.2028,559.7398
151.4273,78.55709,305.4141,445.1968,559.7324
151.5273,78.55709,305.4142,445.1908,559.7251
151.6273,78.55712,305.4143,445.1849,559.7177
151.7273,78.5571,305.4143,445.179,559.7104
151.8273,78.55714,305.4144,445.173,559.7031
151.9273,78.55713,305.4144,445.1671,559.6958
152.0273,78.55717,305.4145,445.1612,559.6886
152.1273,78.55715,305.4145,445.1554,559.6813
152.2273,78.55718,305.4146,445.1495,559.6741
152.3273,78.55718,305.4146,445.1437,559.6669
152.4273,78.55721,305.4147,445.1378,559.6597
152.5273,78.5572,305.4147,445.132,559.6524
152.6273,78.55723,305.4148,445.1262,559.6453
152.7273,78.55722,305.4148,445.1204,559.6381
152.8273,78.55725,305.4149,445.1146,559.631
152.9273,78.55723,305.415,445.1089,559.6239
153.0273,78.55727,305.4151,445.1031,559.6168
153.1273,78.55723,305.4151,445.0974,559.6096
153.2273,78.55725,305.4152,445.0917,559.6026
153.3273,78.55723,305.4152,445.086,559.5955
153.4273,78.55727,305.4153,445.0803,559.5884
153.5273,78.55725,305.4153,445.0746,559.5814
153.6273,78.55727,305.4154,445.0689,559.5744
153.7273,78.55725,305.4154,445.0633,559.5674
153.8273,78.55727,305.4156,445.0576,559.5604
153.9273,78.55725,305.4156,445.052,559.5534
154.0273,78.55728,305.4157,445.0464,559.5464
154.1273,78.55726,305.4157,445.0408,559.5395
154.2273,78.55729,305.4158,445.0352,559.5326
154.3273,78.55727,305.4158,445.0296,559.5257
154.4273,78.5573,305.4159,445.024,559.5188
154.5273,78.55729,305.4159,445.0184,559.5119
154.6273,78.5573,305.416,445.0129,559.505
154.7273,78.5573,305.4161,445.0074,559.4982
154.8273,78.55732,305.4162,445.0019,559.4914
154.9273,78.55732,305.4162,444.9963,559.4845
155.0273,78.55734,305.4163,444.9908,559.4777
155.1273,78.55733,305.4163,444.9854,559.471
155.2273,78.55736,305.4164,444.9799,559.4642
155.3273,78.55735,305.4164,444.9744,559.4574
155.4273,78.55739,305.4165,444.969,559.4507
155.5273,78.55738,305.4165,444.9635,559.444
155.6273,78.55741,305.4166,444.9581,559.4373
155.7273,78.55739,305.4167,444.9527,559.4305
155.8273,78.55741,305.4167,444.9473,559.4239
155.9273,78.5574,305.4168,444.9419,559.4172
156.0273,78.55743,305.4169,444.9365,559.4105
156.1273,78.55741,305.4169,444.9311,559.404
156.2273,78.55744,305.417,444.9257,559.3973
156.3273,78.55741,305.417,444.9204,559.3907
156.4273,78.55743,305.4172,444.9151,559.3842
156.5273,78.55742,305.4172,444.9097,559.3776
156.6273,78.55744,305.4173,444.9044,559.371
156.7273,78.55741,305.4173,444.8991,559.3645
156.8273,78.55743,305.4174,444.8938,559.358
156.9273,78.55742,305.4175,444.8885,559.3515
157.0273,78.55745,305.4176,444.8832,559.345
157.1273,78.55743,305.4176,444.8779,559.3385
157.2273,78.55745,305.4177,444.8727,559.3321
157.3273,78.55744,305.4177,444.8674,559.3256
157.4273,78.55747,305.4178,444.8622,559.3192
157.5273,78.55745,305.4178,444.8569,559.3128
157.6273,78.55749,305.418,444.8518,559.3064
157.7273,78.55746,305.418,444.8465,559.3
157.8273,78.5575,305.4181,444.8413,559.2936
157.9273,78.55748,305.4181,444.8362,559.2873
158.0273,78.55751,305.4182,444.831,559.281
158.1273,78.5575,305.4182,444.8258,559.2747
158.2273,78.55753,305.4183,444.8206,559.2684
158.3273,78.55752,305.4183,444.8155,559.2621
158.4273,78.55755,305.4185,444.8104,559.2558
158.5273,78.55754,305.4185,444.8052,559.2496
158.6273,78.55757,305.4186,444.8001,559.2434
158.7273,78.55755,305.4186,444.795,559.2371
158.8273,78.55757,305.4187,444.7899,559.231
158.9273,78.55754,305.4187,444.7848,559.2247
159.0273,78.55758,305.4188,444.7797,559.2185
159.1273,78.55756,305.4189,444.7746,559.2124
159.2273,78.55757,305.419,444.7696,559.2063
159.3273,78.55755,305.419,444.7645,559.2002
159.4273,78.55757,305.4191,444.7595,559.1941
159.5273,78.55756,305.4192,444.7544,559.188
159.6273,78.55757,305.4193,444.7494,559.1819
159.7273,78.55756,305.4193,444.7444,559.1758
159.8273,78.55757,305.4194,444.7394,559.1699
159.9273,78.55756,305.4195,444.7344,559.1638
160.0273,78.55758,305.4195,444.7294,559.1578
160.1273,78.55755,305.4196,444.7244,559.1518
160.2273,78.55758,305.4197,444.7194,559.1458
160.3273,78.55756,305.4197,444.7145,559.1399
160.4273,78.55758,305.4198,444.7095,559.134
160.5273,78.55757,305.4198,444.7046,559.1281
160.6273,78.55759,305.42,444.6996,559.1222
160.7273,78.55758,305.42,444.6947,559.1163
160.8273,78.55761,305.4201,444.6898,559.1104
160.9273,78.55761,305.4201,444.6849,559.1045
161.0273,78.55763,305.4202,444.68,559.0987
161.1273,78.55761,305.4203,444.6751,559.0929
161.2273,78.55765,305.4204,444.6702,559.0871
161.3273,78.55763,305.4204,444.6654,559.0814
161.4273,78.55767,305.4205,444.6605,559.0756
161.5273,78.55766,305.4205,444.6557,559.0698
161.6273,78.55767,305.4206,444.6508,559.0641
161.7273,78.55765,305.4206,444.646,559.0584
161.8273,78.55767,305.4208,444.6411,559.0527
161.9273,78.55766,305.4208,444.6363,559.047
162.0273,78.55768,305.4209,444.6315,559.0413
162.1273,78.55766,305.4209,444.6267,559.0356
162.2273,78.55768,305.4211,444.6219,559.0299
162.3273,78.55766,305.4211,444.6171,559.0243
162.4273,78.55768,305.4212,444.6124,559.0188
162.5273,78.55764,305.4212,444.6076,559.0131
162.6273,78.55766,305.4213,444.6028,559.0076
162.7273,78.55763,305.4214,444.598,559.002
162.8273,78.55766,305.4215,444.5933,558.9964
162.9273,78.55764,305.4215,444.5886,558.9909
163.0273,78.55766,305.4216,444.5838,558.9854
163.1273,78.55764,305.4217,444.5791,558.9799
163.2273,78.55766,305.4218,444.5744,558.9744
163.3273,78.55765,305.4218,444.5697,558.969
163.4273,78.55767,305.4219,444.565,558.9635
163.5273,78.55766,305.4219,444.5603,558.9581
163.6273,78.55769,305.4221,444.5557,558.9526
163.7273,78.55767,305.4221,444.551,558.9472
163.8273,78.5577,305.4222,444.5463,558.9419
163.9273,78.55768,305.4222,444.5417,558.9365
164.0273,78.55771,305.4223,444.537,558.9311
164.1273,78.5577,305.4224,444.5324,558.9258
164.2273,78.55772,305.4225,444.5278,558.9204
164.3273,78.55772,305.4225,444.5231,558.9151
164.4273,78.55774,305.4226,444.5185,558.9098
164.5273,78.55772,305.4226,444.514,558.9046
164.6273,78.55774,305.4227,444.5093,558.8993
164.7273,78.55772,305.4228,444.5048,558.894
164.8273,78.55773,305.4229,444.5002,558.8888
164.9273,78.55771,305.4229,444.4956,558.8836
165.0273,78.55772,305.423,444.491,558.8784
165.1273,78.5577,305.4231,444.4865,558.8732
165.2273,78.55772,305.4232,444.4819,558.8681
165.3273,78.5577,305.4232,444.4774,558.8629
165.4273,78.55772,305.4234,444.4729,558.8578
165.5273,78.5577,305.4234,444.4683,558.8527
165.6273,78.55772,305.4235,444.4638,558.8476
165.7273,78.5577,305.4236,444.4593,558.8425
165.8273,78.55771,305.4236,444.4548,558.8374
165.9273,78.5577,305.4237,444.4503,558.8324
166.0273,78.55771,305.4238,444.4458,558.8273
166.1273,78.5577,305.4238,444.4414,558.8223
166.2273,78.55772,305.4239,444.4369,558.8173
166.3273,78.55771,305.424,444.4324,558.8123
166.4273,78.55772,305.4241,444.428,558.8073
166.5273,78.55771,305.4241,444.4236,558.8024
166.6273,78.55774,305.4242,444.4191,558.7974
166.7273,78.55772,305.4243,444.4147,558.7925
166.8273,78.55776,305.4244,444.4103,558.7876
166.9273,78.55774,305.4244,444.4058,558.7827
167.0273,78.55776,305.4245,444.4014,558.7778
167.1273,78.55774,305.4245,444.397,558.7729
167.2273,78.55777,305.4247,444.3926,558.7681
167.3273,78.55774,305.4247,444.3883,558.7632
167.4273,78.55776,305.4248,444.3839,558.7584
167.5273,78.55774,305.4249,444.3795,558.7537
167.6273,78.55776,305.425,444.3752,558.7488
167.7273,78.55774,305.425,444.3708,558.7441
167.8273,78.55776,305.4251,444.3665,558.7394
167.9273,78.55774,305.4252,444.3621,558.7346
168.0273,78.55776,305.4253,444.3578,558.7299
168.1273,78.55773,305.4253,444.3535,558.7252
168.2273,78.55775,305.4254,444.3492,558.7204
168.3273,78.55772,305.4255,444.3449,558.7158
168.4273,78.55773,305.4256,444.3405,558.7111
168.5273,78.55771,305.4256,444.3362,558.7065
168.6273,78.55772,305.4257,444.332,558.7019
168.7273,78.5577,305.4258,444.3277,558.6972
168.8273,78.55771,305.4259,444.3234,558.6926
168.9273,78.55768,305.4259,444.3192,558.6881
169.0273,78.55768,305.426,444.3149,558.6835
169.1273,78.55765,305.4261,444.3107,558.6789
169.2273,78.55766,305.4262,444.3064,558.6744
169.3273,78.55766,305.4263,444.3022,558.6699
169.4273,78.55767,305.4263,444.298,558.6654
169.5273,78.55766,305.4264,444.2938,558.6609
169.6273,78.5577,305.4265,444.2896,558.6564
169.7273,78.55769,305.4266,444.2853,558.6519
169.8273,78.55771,305.4267,444.2811,558.6475
169.9273,78.55771,305.4267,444.277,558.6431
170.0273,78.55773,305.4268,444.2728,558.6386
170.1273,78.55772,305.4268,444.2686,558.6342
170.2273,78.55774,305.4269,444.2645,558.6299
170.3273,78.55772,305.427,444.2603,558.6255
170.4273,78.55775,305.4271,444.2562,558.6211
170.5273,78.55772,305.4271,444.252,558.6168
170.6273,78.55774,305.4272,444.2478,558.6125
170.7273,78.55773,305.4273,444.2437,558.6082
170.8273,78.55774,305.4274,444.2396,558.6039
170.9273,78.55772,305.4275,444.2355,558.5997
171.0273,78.55772,305.4276,444.2314,558.5954
171.1273,78.55769,305.4276,444.2273,558.5912
171.2273,78.5577,305.4277,444.2232,558.5869
171.3273,78.55767,305.4278,444.2191,558.5827
171.4273,78.55769,305.4279,444.2151,558.5785
171.5273,78.55766,305.428,444.211,558.5744
171.6273,78.55767,305.4281,444.2069,558.5701
171.7273,78.55764,305.4281,444.2028,558.566
171.8273,78.55765,305.4282,444.1988,558.5619
171.9273,78.55762,305.4283,444.1948,558.5577
172.0273,78.55764,305.4284,444.1907,558.5537
172.1273,78.55762,305.4284,444.1867,558.5496
172.2273,78.55764,305.4285,444.1827,558.5455
172.3273,78.55763,305.4286,444.1787,558.5415
172.4273,78.55766,305.4287,444.1747,558.5374
172.5273,78.55765,305.4287,444.1707,558.5334
172.6273,78.55768,305.4288,444.1667,558.5293
172.7273,78.55766,305.4289,444.1627,558.5254
172.8273,78.55768,305.429,444.1587,558.5214
172.9273,78.55767,305.429,444.1548,558.5174
173.0273,78.5577,305.4291,444.1508,558.5135
173.1273,78.55768,305.4292,444.1469,558.5095
173.2273,78.5577,305.4293,444.1429,558.5056
173.3273,78.55768,305.4293,444.139,558.5017
173.4273,78.5577,305.4294,444.1351,558.4978
173.5273,78.55768,305.4295,444.1311,558.4939
173.6273,78.5577,305.4296,444.1272,558.4901
173.7273,78.55768,305.4296,444.1233,558.4862
173.8273,78.55769,305.4298,444.1194,558.4824
173.9273,78.55766,305.4298,444.1155,558.4786
174.0273,78.55767,305.4299,444.1116,558.4748
174.1273,78.55765,305.43,444.1077,558.471
174.2273,78.55764,305.4301,444.1039,558.4672
174.3273,78.55762,305.4301,444.1,558.4635
174.4273,78.55763,305.4303,444.0961,558.4597
174.5273,78.55759,305.4303,444.0923,558.456
174.6273,78.5576,305.4304,444.0884,558.4523
174.7273,78.55758,305.4305,444.0846,558.4486
174.8273,78.55759,305.4306,444.0808,558.445
174.9273,78.55757,305.4306,444.0769,558.4413
175.0273,78.55759,305.4308,444.0731,558.4376
175.1273,78.55756,305.4308,444.0693,558.434
175.2273,78.55757,305.4309,444.0655,558.4304
175.3273,78.55757,305.4309,444.0617,558.4269
175.4273,78.55758,305.4311,444.0579,558.4233
175.5273,78.55757,305.4311,444.0541,558.4197
175.6273,78.5576,305.4312,444.0504,558.4162
175.7273,78.55758,305.4312,444.0466,558.4127
175.8273,78.5576,305.4314,444.0428,558.4092
175.9273,78.55759,305.4314,444.0391,558.4056
176.0273,78.55761,305.4315,444.0353,558.4022
176.1273,78.55761,305.4316,444.0316,558.3987
176.2273,78.55762,305.4317,444.0278,558.3953
176.3273,78.55761,305.4317,444.0241,558.3918
176.4273,78.55762,305.4318,444.0204,558.3884
176.5273,78.55759,305.4319,444.0167,558.3849
176.6273,78.55761,305.432,444.013,558.3816
176.7273,78.55758,305.4321,444.0093,558.3782
176.8273,78.5576,305.4322,444.0056,558.3748
176.9273,78.55757,305.4322,444.0019,558.3714
177.0273,78.55758,305.4323,443.9982,558.3681
177.1273,78.55755,305.4324,443.9946,558.3648
177.2273,78.55756,305.4325,443.9909,558.3615
177.3273,78.55752,305.4325,443.9873,558.3582
177.4273,78.55753,305.4327,443.9836,558.355
177.5273,78.5575,305.4327,443.98,558.3517
177.6273,78.5575,305.4329,443.9763,558.3485
177.7273,78.55747,305.4329,443.9727,558.3452
177.8273,78.55748,305.433,443.9691,558.342
177.9273,78.55746,305.4331,443.9655,558.3388
178.0273,78.55748,305.4332,443.9619,558.3356
178.1273,78.55746,305.4332,443.9583,558.3325
178.2273,78.55748,305.4334,443.9547,558.3293
178.3273,78.55745,305.4334,443.9511,558.3261
178.4273,78.55748,305.4335,443.9475,558.323
178.5273,78.55746,305.4335,443.9439,558.3199
178.6273,78.55749,305.4337,443.9404,558.3168
178.7273,78.55748,305.4337,443.9368,558.3137
178.8273,78.5575,305.4338,443.9332,558.3106
178.9273,78.55748,305.4339,443.9297,558.3076
179.0273,78.55749,305.434,443.9262,558.3045
179.1273,78.55748,305.434,443.9226,558.3015
179.2273,78.5575,305.4341,443.9191,558.2985
179.3273,78.55748,305.4342,443.9156,558.2955
179.4273,78.5575,305.4343,443.9121,558.2925
179.5273,78.55748,305.4343,443.9086,558.2895
179.6273,78.55749,305.4345,443.9051,558.2866
179.7273,78.55747,305.4345,443.9016,558.2836
179.8273,78.55748,305.4346,443.8981,558.2807
179.9273,78.55743,305.4347,443.8946,558.2778
180.0273,78.55745,305.4348,443.8912,558.2749
180.1273,78.55742,305.4348,443.8877,558.272
180.2273,78.55742,305.435,443.8842,558.2692
180.3273,78.55739,305.435,443.8808,558.2663
180.4273,78.5574,305.4352,443.8773,558.2635
180.5273,78.55736,305.4352,443.8739,558.2606
180.6273,78.55736,305.4353,443.8705,558.2579
180.7273,78.55734,305.4354,443.8671,558.2551
180.8273,78.55734,305.4355,443.8636,558.2523
180.9273,78.55733,305.4355,443.8602,558.2495
181.0273,78.55735,305.4357,443.8568,558.2467
181.1273,78.55733,305.4357,443.8534,558.244
181.2273,78.55735,305.4358,443.85,558.2413
181.3273,78.55734,305.4359,443.8466,558.2386
181.4273,78.55736,305.436,443.8433,558.2359
181.5273,78.55734,305.436,443.8399,558.2332
181.6273,78.55735,305.4361,443.8365,558.2305
181.7273,78.55734,305.4362,443.8332,558.2279
181.8273,78.55736,305.4363,443.8298,558.2252
181.9273,78.55734,305.4363,443.8265,558.2226
182.0273,78.55736,305.4365,443.8231,558.22
182.1273,78.55734,305.4365,443.8198,558.2174
182.2273,78.55736,305.4366,443.8165,558.2148
182.3273,78.55734,305.4367,443.8132,558.2122
182.4273,78.55735,305.4368,443.8099,558.2097
182.5273,78.55733,305.4368,443.8066,558.2071
182.6273,78.55734,305.437,443.8033,558.2046
182.7273,78.55731,305.437,443.8,558.2021
182.8273,78.55732,305.4371,443.7967,558.1996
182.9273,78.55728,305.4372,443.7934,558.1972
183.0273,78.55728,305.4373,443.7901,558.1946
183.1273,78.55726,305.4374,443.7869,558.1922
183.2273,78.55727,305.4375,443.7836,558.1898
183.3273,78.55723,305.4375,443.7804,558.1873
183.4273,78.55724,305.4376,443.7772,558.185
183.5273,78.5572,305.4377,443.7739,558.1825
183.6273,78.55721,305.4378,443.7707,558.1801
183.7273,78.55718,305.4379,443.7675,558.1778
183.8273,78.5572,305.438,443.7642,558.1754
183.9273,78.55716,305.4381,443.7611,558.1731
184.0273,78.55719,305.4382,443.7578,558.1707
184.1273,78.55716,305.4382,443.7546,558.1684
184.2273,78.55718,305.4383,443.7515,558.1661
184.3273,78.55716,305.4384,443.7483,558.1639
184.4273,78.55719,305.4385,443.7451,558.1616
184.5273,78.55716,305.4385,443.7419,558.1593
184.6273,78.55719,305.4387,443.7387,558.1571
184.7273,78.55716,305.4387,443.7356,558.1548
184.8273,78.55719,305.4388,443.7324,558.1526
184.9273,78.55716,305.4389,443.7293,558.1504
185.0273,78.55719,305.439,443.7262,558.1482
185.1273,78.55716,305.439,443.723,558.146
185.2273,78.5572,305.4391,443.7199,558.1439
185.3273,78.55716,305.4392,443.7168,558.1417
185.4273,78.5572,305.4393,443.7137,558.1396
185.5273,78.55715,305.4394,443.7106,558.1374
185.6273,78.55717,305.4395,443.7075,558.1353
185.7273,78.55713,305.4395,443.7044,558.1332
185.8273,78.55716,305.4397,443.7013,558.1312
185.9273,78.5571,305.4397,443.6982,558.1291
186.0273,78.55713,305.4399,443.6952,558.127
186.1273,78.55708,305.4399,443.6921,558.125
186.2273,78.55709,305.44,443.689,558.123
186.3273,78.55706,305.4401,443.686,558.1209
186.4273,78.55707,305.4402,443.6829,558.119
186.5273,78.55703,305.4402,443.6799,558.117
186.6273,78.55705,305.4404,443.6769,558.115
186.7273,78.55701,305.4404,443.6738,558.1131
186.8273,78.55703,305.4406,443.6708,558.1111
186.9273,78.55699,305.4406,443.6678,558.1092
187.0273,78.55701,305.4407,443.6648,558.1072
187.1273,78.55698,305.4408,443.6618,558.1053
187.2273,78.55701,305.4409,443.6588,558.1034
187.3273,78.55697,305.4409,443.6558,558.1016
187.4273,78.557,305.441,443.6528,558.0997
187.5273,78.55698,305.4411,443.6499,558.0979
187.6273,78.55701,305.4412,443.6469,558.096
187.7273,78.55697,305.4412,443.6439,558.0942
187.8273,78.55702,305.4414,443.641,558.0924
187.9273,78.55698,305.4414,443.638,558.0906
188.0273,78.557,305.4415,443.6351,558.0888
188.1273,78.55697,305.4416,443.6321,558.087
188.2273,78.557,305.4417,443.6292,558.0853
188.3273,78.55692,305.4417,443.6263,558.0836
188.4273,78.55699,305.4419,443.6234,558.0818
188.5273,78.5569,305.4419,443.6205,558.0801
188.6273,78.55698,305.4421,443.6176,558.0784
188.7273,78.55688,305.4421,443.6146,558.0767
188.8273,78.55695,305.4423,443.6118,558.075
188.9273,78.55685,305.4423,443.6089,558.0733
189.0273,78.55692,305.4424,443.606,558.0717
189.1273,78.55682,305.4425,443.6031,558.0701
189.2273,78.55689,305.4426,443.6003,558.0684
189.3273,78.5568,305.4427,443.5974,558.0668
189.4273,78.55687,305.4428,443.5945,558.0653
189.5273,78.55678,305.4428,443.5917,558.0636
189.6273,78.55684,305.443,443.5889,558.0621
189.7273,78.55675,305.443,443.586,558.0605
189.8273,78.55682,305.4432,443.5832,558.059
189.9273,78.55673,305.4432,443.5804,558.0575
190.0273,78.5568,305.4433,443.5775,558.056
190.1273,78.55671,305.4433,443.5748,558.0544
190.2273,78.55679,305.4435,443.5719,558.0529
190.3273,78.55671,305.4435,443.5691,558.0515
190.4273,78.55678,305.4437,443.5664,558.05
190.5273,78.55673,305.4437,443.5636,558.0486
190.6273,78.55676,305.4438,443.5608,558.0471
190.7273,78.55671,305.4439,443.558,558.0457
190.8273,78.55679,305.444,443.5553,558.0443
190.9273,78.55667,305.444,443.5525,558.0429
191.0273,78.55678,305.4441,443.5497,558.0415
191.1273,78.55672,305.4442,443.547,558.0401
191.2273,78.55678,305.4443,443.5442,558.0387
191.3273,78.55668,305.4444,443.5415,558.0374
191.4273,78.55676,305.4445,443.5388,558.0361
191.5273,78.55668,305.4446,443.5361,558.0347
191.6273,78.55671,305.4447,443.5334,558.0334
191.7273,78.55666,305.4447,443.5306,558.0322
191.8273,78.55671,305.4449,443.5279,558.0309
191.9273,78.55661,305.4449,443.5253,558.0296
192.0273,78.55667,305.445,443.5225,558.0284
192.1273,78.55659,305.4451,443.5199,558.0271
192.2273,78.55658,305.4451,443.5172,558.0259
192.3273,78.55655,305.4453,443.5145,558.0246
192.4273,78.55659,305.4454,443.5119,558.0234
192.5273,78.55653,305.4455,443.5092,558.0223
192.6273,78.55654,305.4456,443.5065,558.021
192.7273,78.5565,305.4456,443.5039,558.0199
192.8273,78.55654,305.4458,443.5012,558.0187
192.9273,78.55649,305.4458,443.4986,558.0176
193.0273,78.55653,305.4459,443.496,558.0165
193.1273,78.55648,305.446,443.4934,558.0153
193.2273,78.55651,305.4461,443.4908,558.0143
193.3273,78.55646,305.4462,443.4882,558.0132
193.4273,78.55651,305.4463,443.4855,558.0121
193.5273,78.55639,305.4463,443.4829,558.011
193.6273,78.55648,305.4464,443.4804,558.01
193.7273,78.55642,305.4465,443.4777,558.0089
193.8273,78.55647,305.4466,443.4752,558.0079
193.9273,78.55639,305.4466,443.4726,558.0069
194.0273,78.55646,305.4468,443.4701,558.0058
194.1273,78.55639,305.4468,443.4675,558.0049
194.2273,78.55643,305.4469,443.4649,558.0039
194.3273,78.55639,305.447,443.4624,558.0029
194.4273,78.55643,305.4472,443.4598,558.002
194.5273,78.55635,305.4472,443.4573,558.001
194.6273,78.55638,305.4473,443.4548,558.0001
194.7273,78.55633,305.4474,443.4523,557.9992
194.8273,78.55635,305.4475,443.4497,557.9983
194.9273,78.55628,305.4475,443.4472,557.9974
195.0273,78.55631,305.4476,443.4447,557.9966
195.1273,78.55624,305.4477,443.4422,557.9957
195.2273,78.55627,305.4478,443.4397,557.9949
195.3273,78.55622,305.4479,443.4372,557.994
195.4273,78.55624,305.448,443.4348,557.9932
195.5273,78.55619,305.4481,443.4323,557.9924
195.6273,78.55622,305.4482,443.4298,557.9915
195.7273,78.55615,305.4482,443.4273,557.9908
195.8273,78.55619,305.4484,443.4249,557.99
195.9273,78.55615,305.4484,443.4224,557.9892
196.0273,78.55617,305.4486,443.42,557.9885
196.1273,78.55613,305.4486,443.4176,557.9877
196.2273,78.55616,305.4487,443.4151,557.987
196.3273,78.55613,305.4488,443.4127,557.9863
196.4273,78.55614,305.4489,443.4103,557.9856
196.5273,78.55611,305.4489,443.4079,557.9849
196.6273,78.55613,305.4491,443.4055,557.9842
196.7273,78.5561,305.4491,443.403,557.9835
196.8273,78.55611,305.4492,443.4006,557.9829
196.9273,78.55608,305.4493,443.3982,557.9822
197.0273,78.55609,305.4494,443.3959,557.9816
197.1273,78.55605,305.4494,443.3935,557.981
197.2273,78.55607,305.4495,443.3911,557.9804
197.3273,78.55603,305.4496,443.3887,557.9798
197.4273,78.55604,305.4497,443.3864,557.9793
197.5273,78.556,305.4498,443.384,557.9787
197.6273,78.55601,305.4499,443.3817,557.9781
197.7273,78.55597,305.45,443.3793,557.9776
197.8273,78.55597,305.4501,443.377,557.977
197.9273,78.55594,305.4502,443.3747,557.9765
198.0273,78.55594,305.4503,443.3723,557.976
198.1273,78.5559,305.4504,443.37,557.9755
198.2273,78.5559,305.4505,443.3677,557.9751
198.3273,78.55586,305.4505,443.3654,557.9746
198.4273,78.55588,305.4506,443.3631,557.9741
198.5273,78.55585,305.4507,443.3608,557.9736
198.6273,78.55584,305.4508,443.3585,557.9732
198.7273,78.55581,305.4509,443.3562,557.9728
198.8273,78.5558,305.451,443.3539,557.9723
198.9273,78.55577,305.451,443.3517,557.972
199.0273,78.55577,305.4511,443.3494,557.9716
199.1273,78.55577,305.4512,443.3472,557.9712
199.2273,78.55579,305.4513,443.3449,557.9709
199.3273,78.55574,305.4514,443.3427,557.9705
199.4273,78.55575,305.4515,443.3404,557.9702
199.5273,78.55572,305.4516,443.3382,557.9698
199.6273,78.55574,305.4517,443.3359,557.9695
199.7273,78.5557,305.4517,443.3337,557.9692
199.8273,78.55573,305.4518,443.3315,557.9689
199.9273,78.5557,305.4519,443.3293,557.9686
200.0273,78.55571,305.452,443.3271,557.9683
200.1273,78.55566,305.4521,443.3249,557.9681
200.2273,78.55568,305.4522,443.3227,557.9679
200.3273,78.55564,305.4523,443.3205,557.9676
200.4273,78.55564,305.4523,443.3183,557.9674
200.5273,78.55561,305.4524,443.3161,557.9672
200.6273,78.55562,305.4526,443.314,557.967
200.7273,78.55558,305.4526,443.3118,557.9668
200.8273,78.55556,305.4527,443.3096,557.9666
200.9273,78.55553,305.4528,443.3075,557.9664
201.0273,78.55554,305.4529,443.3053,557.9663
201.1273,78.55548,305.453,443.3032,557.9662
201.2273,78.5555,305.4531,443.3011,557.966
201.3273,78.55546,305.4532,443.2989,557.9659
201.4273,78.55545,305.4533,443.2968,557.9658
201.5273,78.55541,305.4533,443.2947,557.9657
201.6273,78.55541,305.4534,443.2926,557.9656
201.7273,78.55538,305.4535,443.2904,557.9656
201.8273,78.55538,305.4536,443.2883,557.9655
201.9273,78.55536,305.4537,443.2863,557.9654
202.0273,78.55538,305.4538,443.2842,557.9654
202.1273,78.55534,305.4539,443.2821,557.9654
202.2273,78.55535,305.454,443.28,557.9654
202.3273,78.55532,305.454,443.2779,557.9654
202.4273,78.55533,305.4541,443.2759,557.9654
202.5273,78.55529,305.4542,443.2738,557.9654
202.6273,78.55533,305.4543,443.2718,557.9654
202.7273,78.5553,305.4544,443.2697,557.9655
202.8273,78.55531,305.4545,443.2677,557.9656
202.9273,78.55527,305.4546,443.2656,557.9656
203.0273,78.55527,305.4546,443.2636,557.9657
203.1273,78.55525,305.4547,443.2615,557.9658
203.2273,78.55525,305.4548,443.2595,557.9658
203.3273,78.55523,305.4549,443.2575,557.966
203.4273,78.55523,305.455,443.2555,557.9661
203.5273,78.55518,305.4551,443.2535,557.9662
203.6273,78.55518,305.4552,443.2515,557.9664
203.7273,78.55514,305.4553,443.2495,557.9665
203.8273,78.55514,305.4554,443.2475,557.9667
203.9273,78.55509,305.4554,443.2455,557.9669
204.0273,78.5551,305.4555,443.2436,557.9671
204.1273,78.55507,305.4556,443.2416,557.9673
204.2273,78.55506,305.4557,443.2396,557.9675
204.3273,78.55502,305.4558,443.2377,557.9677
204.4273,78.55502,305.4559,443.2357,557.9679
204.5273,78.55498,305.456,443.2338,557.9682
204.6273,78.55499,305.4561,443.2318,557.9685
204.7273,78.55496,305.4562,443.2299,557.9688
204.8273,78.55496,305.4562,443.228,557.969
204.9273,78.55493,305.4563,443.226,557.9693
205.0273,78.55493,305.4564,443.2241,557.9696
205.1273,78.5549,305.4565,443.2222,557.9699
205.2273,78.55491,305.4566,443.2203,557.9702
205.3273,78.55489,305.4567,443.2184,557.9706
205.4273,78.55488,305.4567,443.2165,557.9709
205.5273,78.55488,305.4569,443.2146,557.9713
205.6273,78.55489,305.457,443.2127,557.9717
205.7273,78.55485,305.457,443.2109,557.972
205.8273,78.55486,305.4571,443.209,557.9724
205.9273,78.55482,305.4572,443.2071,557.9728
206.0273,78.55484,305.4573,443.2053,557.9732
206.1273,78.55479,305.4573,443.2034,557.9736
206.2273,78.55482,305.4575,443.2015,557.974
206.3273,78.55478,305.4575,443.1997,557.9745
206.4273,78.55478,305.4576,443.1979,557.975
206.5273,78.55473,305.4577,443.196,557.9755
206.6273,78.55473,305.4578,443.1942,557.9759
206.7273,78.55471,305.4579,443.1924,557.9764
206.8273,78.55469,305.458,443.1905,557.9769
206.9273,78.55467,305.4581,443.1887,557.9774
207.0273,78.55467,305.4582,443.187,557.9779
207.1273,78.55462,305.4583,443.1851,557.9784
207.2273,78.55462,305.4584,443.1834,557.979
207.3273,78.55457,305.4584,443.1816,557.9795
207.4273,78.55458,305.4585,443.1798,557.9801
207.5273,78.55453,305.4586,443.178,557.9807
207.6273,78.55455,305.4587,443.1762,557.9813
207.7273,78.55449,305.4588,443.1744,557.9818
207.8273,78.55453,305.4589,443.1727,557.9824
207.9273,78.55449,305.459,443.1709,557.9831
208.0273,78.55452,305.4591,443.1692,557.9837
208.1273,78.55446,305.4591,443.1674,557.9843
208.2273,78.55449,305.4593,443.1657,557.985
208.3273,78.55444,305.4593,443.164,557.9856
208.4273,78.55446,305.4594,443.1622,557.9863
208.5273,78.55442,305.4595,443.1605,557.987
208.6273,78.55444,305.4596,443.1588,557.9877
208.7273,78.5544,305.4597,443.1571,557.9884
208.8273,78.55441,305.4598,443.1554,557.9891
208.9273,78.55437,305.4598,443.1537,557.9898
209.0273,78.55438,305.4599,443.152,557.9906
209.1273,78.55435,305.46,443.1503,557.9913
209.2273,78.55437,305.4602,443.1486,557.9921
209.3273,78.55432,305.4602,443.1469,557.9928
209.4273,78.55433,305.4603,443.1452,557.9936
209.5273,78.55429,305.4604,443.1436,557.9944
209.6273,78.55427,305.4605,443.1419,557.9952
209.7273,78.55425,305.4605,443.1403,557.996
209.8273,78.55426,305.4607,443.1386,557.9968
209.9273,78.55422,305.4607,443.137,557.9976
210.0273,78.55422,305.4608,443.1353,557.9985
210.1273,78.55417,305.4609,443.1337,557.9993
210.2273,78.55418,305.461,443.1321,558.0001
210.3273,78.55413,305.4611,443.1304,558.001
210.4273,78.55415,305.4612,443.1288,558.0019
210.5273,78.55412,305.4613,443.1272,558.0028
210.6273,78.55412,305.4614,443.1256,558.0037
210.7273,78.55407,305.4615,443.124,558.0046
210.8273,78.55409,305.4616,443.1224,558.0055
210.9273,78.55403,305.4616,443.1208,558.0065
211.0273,78.55406,305.4617,443.1192,558.0074
211.1273,78.55404,305.4618,443.1176,558.0084
211.2273,78.55405,305.4619,443.116,558.0093
211.3273,78.55399,305.462,443.1145,558.0103
211.4273,78.55403,305.4621,443.1129,558.0113
211.5273,78.55399,305.4621,443.1114,558.0122
211.6273,78.55401,305.4623,443.1098,558.0132
211.7273,78.55397,305.4623,443.1082,558.0143
211.8273,78.55399,305.4624,443.1067,558.0153
211.9273,78.55395,305.4625,443.1052,558.0163
212.0273,78.55397,305.4626,443.1036,558.0174
212.1273,78.55392,305.4627,443.1021,558.0184
212.2273,78.55393,305.4628,443.1006,558.0195
212.3273,78.55388,305.4629,443.0991,558.0206
212.4273,78.55389,305.463,443.0976,558.0216
212.5273,78.55383,305.463,443.096,558.0227
212.6273,78.55385,305.4632,443.0946,558.0238
212.7273,78.5538,305.4632,443.0931,558.0249
212.8273,78.55381,305.4633,443.0916,558.0261
212.9273,78.55377,305.4634,443.0901,558.0271
213.0273,78.55379,305.4635,443.0886,558.0283
213.1273,78.55374,305.4636,443.0871,558.0294
213.2273,78.55376,305.4637,443.0857,558.0306
213.3273,78.55372,305.4638,443.0842,558.0318
213.4273,78.55374,305.4639,443.0827,558.033
213.5273,78.5537,305.4639,443.0813,558.0342
213.6273,78.55372,305.4641,443.0798,558.0353
213.7273,78.55368,305.4641,443.0784,558.0366
213.8273,78.5537,305.4642,443.077,558.0378
213.9273,78.55365,305.4643,443.0755,558.039
214.0273,78.55368,305.4644,443.0741,558.0403
214.1273,78.55363,305.4644,443.0726,558.0415
214.2273,78.55365,305.4646,443.0713,558.0427
214.3273,78.55361,305.4646,443.0698,558.044
214.4273,78.55363,305.4647,443.0684,558.0453
214.5273,78.55359,305.4648,443.067,558.0466
214.6273,78.5536,305.4649,443.0656,558.0479
214.7273,78.55356,305.465,443.0642,558.0492
214.8273,78.55356,305.4651,443.0628,558.0505
214.9273,78.55352,305.4652,443.0615,558.0518
215.0273,78.55354,305.4653,443.0601,558.0532
215.1273,78.55349,305.4654,443.0587,558.0545
215.2273,78.5535,305.4655,443.0574,558.0559
215.3273,78.55346,305.4656,443.056,558.0573
215.4273,78.55347,305.4657,443.0546,558.0586
215.5273,78.55343,305.4657,443.0533,558.06
215.6273,78.55345,305.4658,443.052,558.0614
215.7273,78.55341,305.4659,443.0506,558.0628
215.8273,78.55343,305.466,443.0493,558.0642
215.9273,78.55339,305.4661,443.048,558.0657
216.0273,78.55341,305.4662,443.0466,558.0671
216.1273,78.55336,305.4662,443.0453,558.0685
216.2273,78.55338,305.4664,443.044,558.0699
216.3273,78.55335,305.4664,443.0427,558.0714
216.4273,78.55332,305.4665,443.0414,558.0728
216.5273,78.55332,305.4666,443.0401,558.0743
216.6273,78.55329,305.4667,443.0388,558.0758
216.7273,78.5533,305.4668,443.0375,558.0773
216.8273,78.55328,305.4669,443.0362,558.0788
216.9273,78.55328,305.467,443.0349,558.0804
217.0273,78.55325,305.467,443.0337,558.0819
217.1273,78.55327,305.4672,443.0324,558.0834
217.2273,78.55324,305.4672,443.0311,558.085
217.3273,78.55325,305.4673,443.0299,558.0865
217.4273,78.55321,305.4674,443.0286,558.0881
217.5273,78.55323,305.4675,443.0274,558.0897
217.6273,78.55319,305.4676,443.0262,558.0912
217.7273,78.55321,305.4677,443.0249,558.0928
217.8273,78.55318,305.4678,443.0237,558.0944
217.9273,78.55318,305.4678,443.0224,558.096
218.0273,78.55314,305.468,443.0212,558.0977
218.1273,78.55314,305.468,443.02,558.0992
218.2273,78.55311,305.4681,443.0188,558.1009
218.3273,78.55311,305.4682,443.0176,558.1026
218.4273,78.55308,305.4683,443.0164,558.1042
218.5273,78.55309,305.4684,443.0152,558.1059
218.6273,78.55305,305.4685,443.014,558.1075
218.7273,78.55307,305.4686,443.0128,558.1092
218.8273,78.55302,305.4687,443.0116,558.1109
218.9273,78.55305,305.4688,443.0105,558.1126
219.0273,78.553,305.4688,443.0093,558.1143
219.1273,78.55302,305.4689,443.0081,558.116
219.2273,78.55298,305.469,443.0069,558.1177
219.3273,78.553,305.4691,443.0058,558.1195
219.4273,78.55296,305.4692,443.0046,558.1212
219.5273,78.553,305.4693,443.0035,558.123
219.6273,78.55296,305.4694,443.0024,558.1247
219.7273,78.55299,305.4695,443.0012,558.1265
219.8273,78.55295,305.4696,443.0001,558.1283
219.9273,78.55298,305.4696,442.999,558.1301
220.0273,78.55292,305.4697,442.9978,558.1318
220.1273,78.55296,305.4698,442.9967,558.1337
220.2273,78.55291,305.4699,442.9956,558.1355
220.3273,78.55293,305.47,442.9945,558.1373
220.4273,78.55289,305.4701,442.9934,558.1392
220.5273,78.55292,305.4702,442.9923,558.141
220.6273,78.55287,305.4703,442.9912,558.1428
220.7273,78.55289,305.4704,442.9901,558.1447
220.8273,78.55284,305.4705,442.989,558.1466
220.9273,78.55287,305.4706,442.9879,558.1485
221.0273,78.55282,305.4706,442.9869,558.1504
221.1273,78.55285,305.4707,442.9858,558.1522
221.2273,78.5528,305.4708,442.9848,558.1542
221.3273,78.55282,305.4709,442.9837,558.1561
221.4273,78.55278,305.471,442.9826,558.158
221.5273,78.55281,305.4711,442.9816,558.1599
221.6273,78.55276,305.4712,442.9806,558.1618
221.7273,78.55279,305.4713,442.9795,558.1638
221.8273,78.55274,305.4713,442.9784,558.1658
221.9273,78.55277,305.4714,442.9774,558.1677
222.0273,78.55272,305.4715,442.9764,558.1697
222.1273,78.55275,305.4716,442.9754,558.1717
222.2273,78.55271,305.4717,442.9744,558.1736
222.3273,78.55275,305.4718,442.9734,558.1757
222.4273,78.55269,305.4719,442.9723,558.1776
222.5273,78.55273,305.472,442.9714,558.1797
222.6273,78.55268,305.4721,442.9703,558.1817
222.7273,78.55271,305.4722,442.9694,558.1837
222.8273,78.55266,305.4722,442.9684,558.1858
222.9273,78.55269,305.4723,442.9674,558.1878
223.0273,78.55264,305.4724,442.9664,558.1898
223.1273,78.55269,305.4725,442.9655,558.1919
223.2273,78.55263,305.4726,442.9645,558.194
223.3273,78.55267,305.4727,442.9635,558.1961
223.4273,78.55262,305.4727,442.9625,558.1982
223.5273,78.55264,305.4729,442.9616,558.2003
223.6273,78.5526,305.4729,442.9606,558.2024
223.7273,78.55263,305.473,442.9597,558.2045
223.8273,78.55257,305.4731,442.9588,558.2066
223.9273,78.5526,305.4732,442.9578,558.2088
224.0273,78.55255,305.4733,442.9569,558.2109
224.1273,78.55259,305.4734,442.956,558.213
224.2273,78.55253,305.4735,442.9551,558.2152
224.3273,78.55257,305.4736,442.9541,558.2174
224.4273,78.55251,305.4737,442.9532,558.2195
224.5273,78.55256,305.4738,442.9523,558.2217
224.6273,78.5525,305.4738,442.9514,558.2239
224.7273,78.55254,305.4739,442.9505,558.2261
224.8273,78.55249,305.474,442.9496,558.2283
224.9273,78.55253,305.4741,442.9487,558.2305
225.0273,78.55248,305.4742,442.9479,558.2328
225.1273,78.55252,305.4743,442.947,558.235
225.2273,78.55247,305.4744,442.9461,558.2372
225.3273,78.55251,305.4745,442.9453,558.2395
225.4273,78.5525,305.4745,442.9444,558.2417
225.5273,78.55248,305.4746,442.9435,558.244
225.6273,78.55248,305.4747,442.9427,558.2463
225.7273,78.55246,305.4748,442.9418,558.2486
225.8273,78.55246,305.4749,442.941,558.2509
225.9273,78.55245,305.475,442.9401,558.2532
226.0273,78.55245,305.4751,442.9393,558.2555
226.1273,78.55244,305.4752,442.9385,558.2578
226.2273,78.55244,305.4752,442.9377,558.2601
226.3273,78.55242,305.4753,442.9368,558.2624
226.4273,78.55243,305.4754,442.936,558.2648
226.5273,78.55242,305.4755,442.9352,558.2671
226.6273,78.55242,305.4756,442.9344,558.2694
226.7273,78.55242,305.4757,442.9336,558.2718
226.8273,78.5524,305.4758,442.9328,558.2742
226.9273,78.55239,305.4758,442.932,558.2766
227.0273,78.55239,305.476,442.9312,558.2789
227.1273,78.55238,305.476,442.9304,558.2813
227.2273,78.55238,305.4761,442.9296,558.2838
227.3273,78.55237,305.4762,442.9288,558.2861
227.4273,78.55236,305.4763,442.9281,558.2886
227.5273,78.55235,305.4764,442.9273,558.291
227.6273,78.55235,305.4765,442.9265,558.2934
227.7273,78.55234,305.4765,442.9258,558.2958
227.8273,78.55233,305.4767,442.925,558.2983
227.9273,78.55232,305.4767,442.9243,558.3008
228.0273,78.55232,305.4768,442.9236,558.3032
228.1273,78.55231,305.4769,442.9228,558.3057
228.2273,78.55231,305.477,442.9221,558.3082
228.3273,78.5523,305.4771,442.9213,558.3107
228.4273,78.5523,305.4772,442.9206,558.3132
228.5273,78.55231,305.4773,442.9199,558.3157
228.6273,78.5523,305.4773,442.9192,558.3182
228.7273,78.5523,305.4774,442.9185,558.3207
228.8273,78.55231,305.4775,442.9178,558.3232
228.9273,78.5523,305.4776,442.917,558.3257
229.0273,78.55231,305.4777,442.9163,558.3283
229.1273,78.55237,305.4778,442.9156,558.3308
229.2273,78.55233,305.4779,442.9149,558.3334
229.3273,78.55235,305.478,442.9143,558.336
229.4273,78.55234,305.478,442.9136,558.3386
229.5273,78.55234,305.4781,442.9129,558.3411
229.6273,78.55236,305.4783,442.9122,558.3437
229.7273,78.5523,305.4783,442.9116,558.3463
229.8273,78.5523,305.4784,442.9109,558.3489
229.9273,78.55229,305.4785,442.9102,558.3515
230.0273,78.55228,305.4786,442.9096,558.3542
230.1273,78.55227,305.4786,442.9089,558.3568
230.2273,78.55225,305.4788,442.9083,558.3594
230.3273,78.55225,305.4788,442.9076,558.362
230.4273,78.55224,305.4789,442.907,558.3647
230.5273,78.55224,305.479,442.9064,558.3674
230.6273,78.55224,305.4791,442.9057,558.37
230.7273,78.55224,305.4792,442.9051,558.3727
230.8273,78.55223,305.4793,442.9045,558.3754
230.9273,78.55224,305.4793,442.9039,558.3781
231.0273,78.55223,305.4794,442.9033,558.3807
231.1273,78.55224,305.4795,442.9027,558.3834
231.2273,78.55224,305.4796,442.9021,558.3862
231.3273,78.55224,305.4797,442.9015,558.3889
231.4273,78.55223,305.4798,442.9009,558.3916
231.5273,78.55224,305.4798,442.9003,558.3944
231.6273,78.55222,305.4799,442.8997,558.3971
231.7273,78.55223,305.48,442.8991,558.3999
231.8273,78.55223,305.4801,442.8986,558.4026
231.9273,78.55223,305.4802,442.898,558.4054
232.0273,78.55222,305.4803,442.8974,558.4081
232.1273,78.55223,305.4804,442.8968,558.4109
232.2273,78.55221,305.4805,442.8963,558.4137
232.3273,78.55222,305.4805,442.8957,558.4165
232.4273,78.55221,305.4806,442.8952,558.4193
232.5273,78.55221,305.4807,442.8946,558.422
232.6273,78.55221,305.4808,442.8941,558.4249
232.7273,78.55221,305.4809,442.8935,558.4277
232.8273,78.55221,305.481,442.893,558.4305
232.9273,78.55221,305.481,442.8925,558.4334
233.0273,78.55221,305.4811,442.892,558.4362
233.1273,78.55221,305.4812,442.8914,558.4391
233.2273,78.55221,305.4813,442.8909,558.4419
233.3273,78.55221,305.4814,442.8904,558.4448
233.4273,78.5522,305.4815,442.8899,558.4477
233.5273,78.55221,305.4816,442.8894,558.4505
233.6273,78.55221,305.4817,442.8889,558.4534
233.7273,78.5522,305.4817,442.8884,558.4563
233.8273,78.5522,305.4818,442.8879,558.4592
233.9273,78.5522,305.4819,442.8874,558.4621
234.0273,78.55219,305.482,442.887,558.465
234.1273,78.5522,305.4821,442.8865,558.4679
234.2273,78.5522,305.4822,442.886,558.4709
234.3273,78.5522,305.4822,442.8855,558.4738
234.4273,78.55219,305.4823,442.8851,558.4768
234.5273,78.55221,305.4824,442.8846,558.4797
234.6273,78.5522,305.4825,442.8842,558.4827
234.7273,78.55221,305.4825,442.8837,558.4856
234.8273,78.55221,305.4827,442.8833,558.4886
234.9273,78.55221,305.4827,442.8828,558.4916
235.0273,78.55221,305.4828,442.8824,558.4945
235.1273,78.55222,305.4829,442.8819,558.4975
235.2273,78.55221,305.483,442.8815,558.5005
235.3273,78.55223,305.483,442.8811,558.5036
235.4273,78.55222,305.4832,442.8807,558.5065
235.5273,78.55222,305.4832,442.8802,558.5096
235.6273,78.55222,305.4834,442.8798,558.5126
235.7273,78.55222,305.4834,442.8794,558.5156
235.8273,78.55221,305.4835,442.879,558.5187
235.9273,78.55221,305.4836,442.8786,558.5217
236.0273,78.55221,305.4837,442.8782,558.5248
236.1273,78.55221,305.4837,442.8778,558.5278
236.2273,78.55221,305.4839,442.8775,558.5309
236.3273,78.55222,305.4839,442.8771,558.5339
236.4273,78.55221,305.484,442.8767,558.5371
236.5273,78.55222,305.4841,442.8763,558.5401
236.6273,78.55222,305.4842,442.8759,558.5432
236.7273,78.55223,305.4842,442.8756,558.5463
236.8273,78.55223,305.4843,442.8752,558.5494
236.9273,78.55224,305.4844,442.8749,558.5525
237.0273,78.55224,305.4845,442.8745,558.5556
237.1273,78.55224,305.4846,442.8741,558.5588
237.2273,78.55224,305.4847,442.8738,558.5619
237.3273,78.55224,305.4847,442.8735,558.5651
237.4273,78.55225,305.4848,442.8731,558.5682
237.5273,78.55226,305.4849,442.8728,558.5714
237.6273,78.55226,305.485,442.8725,558.5746
237.7273,78.55226,305.4851,442.8721,558.5777
237.8273,78.55226,305.4852,442.8718,558.5809
237.9273,78.55227,305.4852,442.8715,558.5841
238.0273,78.55227,305.4853,442.8712,558.5872
238.1273,78.55228,305.4854,442.8709,558.5904
238.2273,78.55228,305.4855,442.8706,558.5936
238.3273,78.55229,305.4856,442.8703,558.5969
238.4273,78.5523,305.4856,442.87,558.6001
238.5273,78.5523,305.4857,442.8697,558.6033
238.6273,78.5523,305.4858,442.8694,558.6066
238.7273,78.5523,305.4859,442.8691,558.6098
238.8273,78.5523,305.486,442.8688,558.613
238.9273,78.55231,305.4861,442.8686,558.6163
239.0273,78.55231,305.4862,442.8683,558.6196
239.1273,78.55232,305.4862,442.868,558.6228
239.2273,78.55232,305.4863,442.8677,558.6261
239.3273,78.55233,305.4864,442.8675,558.6294
239.4273,78.55232,305.4865,442.8672,558.6327
239.5273,78.55233,305.4866,442.867,558.636
239.6273,78.55233,305.4867,442.8667,558.6393
239.7273,78.55233,305.4867,442.8665,558.6426
239.8273,78.55233,305.4868,442.8662,558.6459
239.9273,78.55234,305.4869,442.866,558.6492
240.0273,78.55235,305.487,442.8658,558.6525
240.1273,78.55235,305.487,442.8655,558.6559
240.2273,78.55235,305.4871,442.8653,558.6593
240.3273,78.55236,305.4872,442.8651,558.6626
240.4273,78.55237,305.4873,442.8649,558.666
240.5273,78.55238,305.4874,442.8647,558.6693
240.6273,78.55239,305.4874,442.8644,558.6727
240.7273,78.5524,305.4875,442.8642,558.6761
240.8273,78.55241,305.4876,442.864,558.6795
240.9273,78.55241,305.4877,442.8638,558.6829
241.0273,78.55242,305.4878,442.8637,558.6863
241.1273,78.55242,305.4879,442.8635,558.6896
241.2273,78.55242,305.488,442.8633,558.693
241.3273,78.55244,305.488,442.8631,558.6964
241.4273,78.55244,305.4881,442.8629,558.6999
241.5273,78.55245,305.4882,442.8628,558.7033
241.6273,78.55246,305.4883,442.8626,558.7067
241.7273,78.55246,305.4883,442.8624,558.7102
241.8273,78.55246,305.4884,442.8622,558.7136
241.9273,78.55247,305.4885,442.8621,558.717
242.0273,78.55247,305.4886,442.8619,558.7205
242.1273,78.55248,305.4887,442.8618,558.724
242.2273,78.55248,305.4888,442.8617,558.7274
242.3273,78.55249,305.4889,442.8615,558.7309
242.4273,78.55249,305.4889,442.8614,558.7344
242.5273,78.55251,305.489,442.8612,558.7379
242.6273,78.55251,305.4891,442.8611,558.7414
242.7273,78.55251,305.4892,442.861,558.7448
242.8273,78.55253,305.4893,442.8609,558.7484
242.9273,78.55253,305.4893,442.8608,558.7519
243.0273,78.55254,305.4894,442.8606,558.7554
243.1273,78.55255,305.4895,442.8605,558.7589
243.2273,78.55256,305.4896,442.8604,558.7625
243.3273,78.55257,305.4896,442.8603,558.766
243.4273,78.55257,305.4897,442.8602,558.7695
243.5273,78.55259,305.4898,442.8601,558.7731
243.6273,78.55259,305.4899,442.86,558.7766
243.7273,78.55261,305.49,442.8599,558.7802
243.8273,78.55262,305.4901,442.8599,558.7837
243.9273,78.55262,305.4901,442.8598,558.7873
244.0273,78.55264,305.4902,442.8597,558.7909
244.1273,78.55266,305.4903,442.8596,558.7945
244.2273,78.55265,305.4904,442.8596,558.798
244.3273,78.55266,305.4905,442.8595,558.8016
244.4273,78.55267,305.4906,442.8594,558.8052
244.5273,78.55269,305.4906,442.8594,558.8089
244.6273,78.55269,305.4907,442.8593,558.8125
244.7273,78.5527,305.4908,442.8593,558.8161
244.8273,78.5527,305.4909,442.8592,558.8197
244.9273,78.55271,305.4909,442.8592,558.8233
245.0273,78.55272,305.491,442.8592,558.827
245.1273,78.55273,305.4911,442.8591,558.8306
245.2273,78.55273,305.4912,442.8591,558.8342
245.3273,78.55275,305.4913,442.8591,558.8379
245.4273,78.55275,305.4913,442.8591,558.8416
245.5273,78.55276,305.4914,442.859,558.8452
245.6273,78.55278,305.4915,442.859,558.8489
245.7273,78.55278,305.4916,442.859,558.8525
245.8273,78.5528,305.4917,442.859,558.8562
245.9273,78.55282,305.4917,442.859,558.8599
246.0273,78.55282,305.4919,442.859,558.8636
246.1273,78.55283,305.4919,442.859,558.8673
246.2273,78.55284,305.492,442.859,558.871
246.3273,78.55285,305.492,442.859,558.8746
246.4273,78.55287,305.4922,442.859,558.8784
246.5273,78.55288,305.4922,442.859,558.8821
246.6273,78.55289,305.4923,442.8591,558.8858
246.7273,78.5529,305.4924,442.8591,558.8896
246.8273,78.55291,305.4924,442.8591,558.8933
246.9273,78.55291,305.4925,442.8591,558.897
247.0273,78.55293,305.4926,442.8592,558.9008
247.1273,78.55294,305.4927,442.8592,558.9046
247.2273,78.55295,305.4928,442.8593,558.9083
247.3273,78.55296,305.4928,442.8593,558.912
247.4273,78.55297,305.493,442.8594,558.9158
247.5273,78.55299,305.493,442.8594,558.9195
247.6273,78.553,305.4931,442.8595,558.9233
247.7273,78.55301,305.4932,442.8595,558.9271
247.8273,78.55302,305.4933,442.8596,558.9309
247.9273,78.55304,305.4933,442.8597,558.9347
248.0273,78.55305,305.4934,442.8597,558.9385
248.1273,78.55306,305.4935,442.8598,558.9423
248.2273,78.55307,305.4935,442.8599,558.9461
248.3273,78.55308,305.4937,442.86,558.9499
248.4273,78.55309,305.4937,442.8601,558.9538
248.5273,78.55311,305.4938,442.8601,558.9576
248.6273,78.55312,305.4939,442.8602,558.9614
248.7273,78.55314,305.494,442.8603,558.9653
248.8273,78.55314,305.4941,442.8604,558.9691
248.9273,78.55316,305.4941,442.8605,558.9729
249.0273,78.55316,305.4942,442.8606,558.9768
249.1273,78.55318,305.4943,442.8608,558.9806
249.2273,78.5532,305.4944,442.8609,558.9845
249.3273,78.5532,305.4944,442.861,558.9884
249.4273,78.55323,305.4945,442.8611,558.9922
249.5273,78.55323,305.4946,442.8613,558.9961
249.6273,78.55326,305.4946,442.8614,559.0
249.7273,78.55327,305.4947,442.8615,559.0039
249.8273,78.55328,305.4948,442.8616,559.0078
249.9273,78.55329,305.4949,442.8618,559.0117
250.0,78.55547,305.4955,442.8619,559.0145
